 2mocoef
header
                     4
MO-coefficients from mcscf.x                                                    
 with dummy occupation 1.0 for active orbitals                                  
 total ao core energy =   38.588704248                                          
MCSCF energy =     -94.155328507                                                
                     1
                    36                    36
 A  
mocoef
(1p3d25.15)                             
    9.959531432388620D-01    2.394583752783033D-02   -1.248135184197979D-02
    1.051859968081745D-05    6.634908247517919D-05   -8.489927789491899D-04
   -1.868242728067525D-05   -1.182089168932841D-04    1.513124863869018D-03
   -1.879963326550495D-06   -4.341349442264672D-05    9.638963394282699D-05
   -7.583683360479946D-06   -1.326952772416994D-05    9.641813717973395D-05
   -6.758928056285009D-04    4.730480922217365D-03    6.236706124342360D-06
    3.974464559728907D-05   -5.084366780449545D-04   -2.761916927774566D-05
   -1.765780568065414D-04    2.258563527674941D-03   -5.679435515196122D-06
    9.818579906953997D-05   -2.011154427511857D-04    1.391298080483886D-05
   -2.125769765356043D-05   -1.556892805153944D-05    1.777588626648854D-03
   -1.553158681566460D-05    1.777623289965725D-03   -2.205390289424300D-04
   -1.248111763109431D-04   -2.205521376376592D-04   -1.248720706556424D-04
   -3.281133535021695D-04   -1.463857139756391D-04   -1.870691812831802D-04
   -5.408493164857371D-06   -3.463552634718469D-05    4.430899597807592D-04
   -1.088991516820161D-05   -6.941173037659409D-05    8.889141915162889D-04
    9.174437604472433D-06    8.623162529816456D-05   -2.006342092444562D-04
    1.687316408771734D-05    5.446885515041087D-05    9.960845313140713D-01
    2.405894522007611D-02   -9.579131610937019D-03   -1.701543404113164D-05
   -1.086067436938480D-04    1.389421412002942D-03   -1.141489212692378D-05
   -7.321200340167088D-05    9.364524228476528D-04   -3.601534712753384D-05
   -9.002045869109762D-05    2.542271494749758D-04   -2.630123201661132D-05
   -1.933783613103245D-04   -4.103068127544649D-06    6.285581169629974D-05
   -4.070086419467495D-06    6.291285189308808D-05   -4.052207207819959D-04
    2.577042366973484D-03   -4.052224769959963D-04    2.577013923019453D-03
   -1.917164554036060D-01    4.032648847288723D-01    4.077529561849877D-01
    1.005935084997477D-03    6.381491654767012D-03   -8.165937978557847D-02
    3.422331720989721D-04    2.157676002925910D-03   -2.761681224960213D-02
   -1.633803567168633D-03   -3.009640965544168D-04    3.413787261745335D-03
   -5.849363700370233D-04   -8.457273037756657D-03   -1.100558200012146D-01
    2.237552289813433D-01    6.682812126058149D-02   -1.835044653498921D-03
   -1.172362637555968D-02    1.499895639495420D-01    1.939835257847698D-04
    1.236454305562334D-03   -1.581972689929899D-02   -5.837598888319193D-04
   -2.798289520432957D-03    6.995446931609709D-03   -6.412681716679733D-04
   -3.244458925384062D-03    9.454654093584634D-02   -1.127360039157232D-02
    9.454768392142353D-02   -1.127397634670546D-02    3.745020439476667D-02
   -1.265583429871806D-03    3.745081369678270D-02   -1.265293036393002D-03
   -7.869516493667617D-02    1.669369169501856D-01    2.643659848198553D-01
   -3.533521705531169D-03   -2.264098642935036D-02    2.896960000193161D-01
   -1.540700823572970D-03   -9.884421160595213D-03    1.264821118998070D-01
   -1.737390725276358D-03    3.059748149847711D-03   -3.623771037262399D-03
   -7.804753082117057D-05   -8.715073934193476D-03    1.616487684860105D-01
   -3.416588535837484D-01   -3.022609840467255D-01   -5.200995647786438D-04
   -3.348166729082682D-03    4.284816770160472D-02   -3.592533463427223D-04
   -2.297832143641420D-03    2.939926405215780D-02    2.101918142925673D-03
   -1.391263491705051D-03   -5.747459969309923D-04    4.682609381157213D-04
    1.073985720708315D-02    1.273935748801289D-01    1.119131070659983D-02
    1.273900809391231D-01    1.119136683983252D-02   -1.342951448735789D-01
   -2.292929211218189D-02   -1.342949711043787D-01   -2.292918107636185D-02
   -3.648383551885952D-07    1.108147415055757D-06    8.898283531531135D-07
   -2.373431264532900D-02    4.789220331743763D-01    3.714814158817381D-02
   -1.557116017682881D-02    3.141955245647781D-01    2.437161020809210D-02
   -1.618582169567863D-04    1.980443317287380D-02    7.728825386247039D-04
   -1.005834214208000D-03    7.848053005365449D-04   -1.985862781845657D-06
    4.614592448496040D-06    6.898896346610809D-06   -8.374600005920394D-03
    1.690129263421807D-01    1.310154685165844D-02   -1.021454231150057D-03
    2.060819506969005D-02    1.596507234327973D-03   -1.053215425948009D-04
    1.250220499634323D-02    4.876738704702558D-04   -6.355544201852367D-04
    4.952869564657672D-04    2.080552846279478D-01    3.654972997995257D-02
   -2.080553645560232D-01   -3.655069141882111D-02    5.689159855441404D-02
    2.272965166156680D-02   -5.688584983809309D-02   -2.272851158968181D-02
    1.061791240482690D-02   -2.598227176984160D-02   -9.119292344101606D-03
   -4.806956470239468D-03   -3.082754757478755D-02    3.943131498913375D-01
   -2.595722794853576D-03   -1.666791090839088D-02    2.131852871996210D-01
   -1.239744505694584D-03    2.690547798346403D-03   -3.675217651605476D-03
    2.631616012085898D-05   -6.177013184210524D-03   -4.033241623553577D-02
    7.670834709954767D-02    2.137160490379078D-01    5.184468384749296D-03
    3.309141290831925D-02   -4.234214824968662D-01    1.182484794687438D-03
    7.557175071065139D-03   -9.669507844499127D-02   -2.141629772290413D-03
    5.620931834133720D-03   -8.437526713760236D-03    1.997764113544445D-04
   -1.059634184359779D-02    1.044840788242161D-01    3.174867424878150D-02
    1.044879460855930D-01    3.174999195681515D-02    1.532299791726625D-01
    6.840449819583472D-02    1.532295531711320D-01    6.840485014981608D-02
    4.178312872627767D-07   -9.359766793099861D-07   -3.502896443235846D-06
   -8.216738254045298D-03    1.655240520031213D-01    1.283813596074292D-02
   -8.394298419274771D-03    1.692135240154362D-01    1.312503700523206D-02
   -2.317339158018103D-04    2.778565420267499D-02    1.084174121313651D-03
   -1.410803860154823D-03    1.100996010989766D-03   -1.945534585824008D-07
    3.413724763374529D-07    2.301184611312905D-06    2.264310537840110D-02
   -4.572894853274688D-01   -3.546294211405349D-02    1.380986591672413D-02
   -2.788581063297635D-01   -2.162360618672381D-02   -3.095142924144280D-04
    3.689413342867043D-02    1.439107867904715D-03   -1.874610066984651D-03
    1.461513430912693D-03    9.823572053678382D-02    4.550509787969638D-02
   -9.823684996013357D-02   -4.550608042602047D-02   -2.417662727729203D-01
   -9.679653105390623D-02    2.417686431008333D-01    9.679859430822392D-02
    5.959877611121066D-06   -1.568971290326849D-05   -1.996503928526590D-05
    5.757567583723213D-01    2.782408800635211D-02    9.199061980544361D-03
    4.519537063015641D-01    2.184216657602478D-02    7.223261489344891D-03
    1.451048044520214D-03   -8.660564361889800D-04   -1.477242181214156D-04
   -1.842324530357214D-02    7.903930270883222D-05   -1.873136026495254D-06
    4.407260467400647D-06   -1.473420643431979D-06    2.011009076978931D-01
    9.699185310126429D-03    3.232182382899689D-03    6.240653828432281D-02
    3.004882567329120D-03    1.001816676090842D-03   -2.695009987598699D-03
    1.611407026196260D-03    2.743465491824615D-04    3.421335328112016D-02
   -1.447467277014115D-04    7.724745368420100D-06    2.745884776924653D-06
   -4.914996773942162D-07   -6.067179580274407D-07   -1.000653750812086D-05
   -5.233930743679968D-06    4.366498321192213D-06    2.812013397353381D-06
   -2.635658895522330D-06    6.447004113887268D-06    1.832846495182265D-05
   -2.649584620163188D-01   -1.279912403859051D-02   -4.235238555470556D-03
   -4.123256442577000D-01   -1.991756083420702D-02   -6.595307606469136D-03
    1.653612236719807D-03   -9.867294419143601D-04   -1.680107371429587D-04
   -2.099424042560219D-02    8.851326517014357D-05   -1.251166068670050D-06
    6.255868669200517D-07    1.298179556876466D-05    5.937987494698247D-01
    2.867240990389636D-02    9.499501170450451D-03    6.063479875277097D-01
    2.927614439919920D-02    9.704075950856988D-03    1.664231645100640D-03
   -9.948599567992692D-04   -1.692575684723661D-04   -2.113084423834416D-02
    8.954137638331662D-05   -3.846006000070729D-06   -3.057377195251049D-06
   -9.794354387231962D-06   -1.056770951296273D-05   -1.583726521061373D-06
    7.834370380214055D-07   -4.504420393561085D-06   -8.197693569519125D-06
   -9.943076649253535D-02    1.469802589703076D-01    1.604191430939058D+00
   -1.604226176550963D-03   -1.037316740229120D-02    1.326091938049508D-01
   -4.299267280360270D-03   -2.784748714674189D-02    3.560286922663464D-01
    3.409822802078229D-04   -1.235887825135815D-03    2.077007638443658D-03
   -8.562900919381437D-05    1.659550715081684D-03   -3.154993284769528D-02
    6.822752327929754D-02    5.670766720591387D-01    1.633434430409717D-03
    1.043601881878480D-02   -1.336475701196022D-01    7.113637577561730D-03
    4.556056085835269D-02   -5.833136381301426D-01    7.885909813315782D-04
   -1.886614569213179D-03    2.712322263691742D-03   -4.221377724156355D-05
    3.915919669960520D-03   -7.171935605499022D-02   -1.001328409923059D+00
   -7.172500879998768D-02   -1.001383964951922D+00   -1.465162060347376D-02
   -5.642346076329586D-01   -1.465579989180532D-02   -5.642930184788936D-01
    5.572345234273303D-06   -8.648594115274226D-06   -8.665510092870518D-05
    1.281305334015780D-02   -2.585277221941931D-01   -2.005835801633820D-02
    3.358645066142507D-02   -6.776193803778552D-01   -5.257259956126813D-02
   -2.847886192624778D-04    3.385020304917580D-02    1.320818531593984D-03
   -1.719495124456766D-03    1.341387071800002D-03   -3.808362705979998D-06
    5.479923936494696D-06    4.769823810132933D-05    1.194954519820114D-02
   -2.412948214232655D-01   -1.870963906864793D-02    3.242430769621284D-02
   -6.548585575794528D-01   -5.077540085039066D-02    2.545519834637415D-04
   -3.015936478268407D-02   -1.176629030712992D-03    1.532273329655635D-03
   -1.195064940781497D-03    9.247299361596244D-02    1.074975563297184D+00
   -9.246510625440267D-02   -1.074872656752145D+00    5.982765221046348D-02
    8.830535208740156D-01   -5.983138003226578D-02   -8.831058161075259D-01
   -6.214759249013391D-02    9.982862406929721D-02    9.033236738441198D-01
   -1.947234966477566D-04   -1.310081585106359D-03    1.666663426304590D-02
    6.876008461988759D-04    4.255791797013120D-03   -5.465220971021738D-02
   -8.378454120835103D-04    1.533935773163045D-03   -1.868762937921926D-03
   -3.048841515664612D-05   -4.201386805638928D-03    1.245778401386266D-01
   -1.847546042691218D-01   -2.043282324439564D+00   -1.443954192375816D-03
   -9.271787072493093D-03    1.184904973835822D-01   -4.489082613566022D-03
   -2.880355927120330D-02    3.680847992048820D-01   -4.374893986024405D-04
   -1.630990700651053D-04    1.089362059224636D-03   -1.693751043438816D-04
   -2.273519241474940D-03   -3.674124757901927D-02   -4.993755140334573D-01
   -3.674716861941115D-02   -4.994414502566263D-01    7.086759292279178D-02
    1.315848544973404D+00    7.086273316845922D-02    1.315754397135690D+00
   -7.673069780836656D-07   -4.335178050516946D-07    2.912099754641168D-05
    1.179723497931551D-02   -2.380983077310500D-01   -1.846355843359680D-02
    5.459833102933195D-02   -1.102021143184900D+00   -8.547724067717251D-02
    1.837480375369554D-04   -2.191714171358717D-02   -8.550153981377638D-04
    1.112901278561803D-03   -8.685988106284114D-04    5.892503684580010D-07
    3.990690394885482D-08   -3.051585873069596D-05   -1.461810690786109D-02
    2.951934357263981D-01    2.289455511109069D-02   -8.141785221378994D-02
    1.643778880173366D+00    1.274668950415604D-01   -1.082560230901524D-05
    1.455729316761477D-03    5.666679565426772D-05   -7.355570125715920D-05
    5.761390513267966D-05   -9.308116372514717D-03    1.084902289516650D+00
    9.306089725394548D-03   -1.084925812597326D+00   -1.858781032255319D-02
   -1.625963154985408D+00    1.858974351495437D-02    1.625993059269572D+00
   -5.271548387091420D-02    3.217717924634889D-02    2.030672717251467D+00
    3.719424052408514D-03    2.382690875429549D-02   -3.048110781278045D-01
    2.201342018914848D-02    1.407299643474595D-01   -1.800547816133618D+00
   -1.265739075908988D-03   -1.852347550057701D-03    6.118721337866888D-03
   -7.136197960019986D-04   -6.684229519951426D-03    6.119199080002331D-02
    3.617680506536822D-02   -2.348875302115999D+00    8.493399371680799D-04
    5.462987972988989D-03   -6.986802237253764D-02    3.138479326067251D-02
    2.003687305610939D-01   -2.563419215278735D+00    1.731835284992380D-03
   -5.284718373413799D-03    8.408746323242613D-03   -2.802797645533451D-04
    8.509649201538072D-03    4.075217324982051D-02    6.824735629877380D-01
    4.075391963018266D-02    6.824643995157077D-01   -5.180311023332082D-02
   -2.777330718051298D-01   -5.180868793484269D-02   -2.776872348199206D-01
   -1.723199754877873D-05    2.234045512659029D-05    1.020958409985278D-04
   -2.154837489948450D-01   -1.041768342332351D-02   -3.406696791657233D-03
   -3.353135072966456D-03   -1.216186520582238D-04   -5.132051853829021D-04
   -6.375257857603560D-03    3.813409732198461D-03    6.340379102215763D-04
    8.092341586244296D-02   -3.483072096268507D-04    8.446190874930865D-06
   -1.524239349702831D-04   -2.446783454023402D-04   -9.937704281736974D-01
   -4.797173518066378D-02   -1.619369552430920D-02    1.129696217163562D+00
    5.456061554532891D-02    1.819815564540520D-02    3.519965107094904D-03
   -2.100866186626837D-03   -3.579920848765664D-04   -4.469769158459131D-02
    1.855339116939278D-04    2.946654253889405D-05    6.281293945891287D-05
    4.140246366623382D-05    4.487130846686759D-05    2.029145028153137D-05
   -2.483244125162064D-06    3.303048203554112D-05    7.973383969535618D-06
   -5.103199376584994D-02    4.727053135500019D-02    3.153911543075925D-01
   -9.958060296088875D-04   -6.788851143084359D-03    8.663792987702323D-02
    1.743029226901445D-02    1.114073949110154D-01   -1.424978589390677D+00
   -3.875560709459161D-03    2.439988213218854D-02   -4.585411382243244D-02
    2.620686031990245D-03   -1.800868499827093D-02    2.655405743655497D-02
   -4.617563126049302D-01   -7.553846903294859D-01    1.121442219336355D-02
    6.939608298368660D-02   -8.892701365044428D-01   -3.754123157206006D-03
   -2.128309984881085D-02    2.757904528488972D-01   -1.840127479824129D-03
    1.226536468517489D-04    2.914966253686503D-03   -5.781459475499658D-04
   -9.484923471141346D-03    1.013793863227378D-01    2.261850646316885D-01
    1.015675104369046D-01    2.260914906734288D-01    6.453277343520740D-02
   -1.742556040473447D-02    6.472711070219785D-02   -1.733672778745710D-02
    1.122748634133016D-05   -1.939829402989860D-05   -4.278454394098323D-05
    3.917705962239875D-03   -7.914678492116052D-02   -6.155688377208605D-03
   -4.269707343904137D-03    8.598000734611362D-02    6.996530464587879D-03
    8.453216742994200D-04   -1.011885508769560D-01   -3.937274234443829D-03
    5.138039534042791D-03   -4.004418194181823D-03   -6.538402249302536D-06
    7.726891712017217D-05    2.170626656574652D-04    2.636316834322948D-02
   -5.319640232230436D-01   -4.104617115892077D-02   -6.653959093156106D-02
    1.343187961773269D+00    1.040620064266226D-01   -1.097140180502654D-03
    1.306849925306386D-01    5.097389311934790D-03   -6.637382288067981D-03
    5.181440604806546D-03   -3.786388103165265D-01    1.288217029019933D-01
    3.785735177769551D-01   -1.289145495568832D-01   -4.442343491517312D-01
   -2.351398279628226D-01    4.441747861414667D-01    2.351256622801285D-01
    2.728290936978375D-03   -2.365858423027532D-01    9.286216527619449D-02
   -2.087628372096441D-03   -1.344894632611976D-02    1.720311896902523D-01
   -1.194765121634698D-03   -7.627465279481627D-03    9.770312387031969D-02
    6.522607927111871D-03   -8.933134728210626D-04   -9.127099590833573D-03
    2.001781174720955D-03    3.360018721602145D-02   -4.814899810057627D-02
   -1.046078471092217D+00    2.022362063047255D+00   -9.503926623957516D-04
   -5.966510790561701D-03    7.658532239559959D-02    4.200329422098140D-03
    2.678447968503598D-02   -3.435452584887126D-01    1.618460522728343D-02
   -8.930549955901331D-03   -8.262362013101397D-03    3.893096727974920D-03
    8.284241928647479D-02   -1.709033359613671D-01   -3.194309621003985D-02
   -1.709220373428490D-01   -3.193650411041326D-02   -5.841592584610281D-01
   -1.877240960741429D-01   -5.841850519605017D-01   -1.877650773520450D-01
    5.516658151764348D-05   -1.837780165422784D-04    4.365862803810222D-04
   -9.601577082891288D-01   -4.641959216383578D-02   -1.493502906614070D-02
    1.278134401802172D+00    6.182813354087204D-02    1.931057625200745D-02
   -2.166884457139644D-03    1.290204637354788D-03    2.425747363077861D-04
    2.730147090023216D-02   -1.979076590339764D-04   -6.202529166319394D-05
    2.402872329053210D-04   -9.810842763773250D-04    2.618456009213092D-01
    1.261477494091681D-02    4.490664415703589D-03   -6.627770287416808D-01
   -3.194395801868664D-02   -1.125858330942104D-02    4.257715774648901D-03
   -2.528042699772643D-03   -4.745769008527416D-04   -5.403597845708567D-02
    2.366992274284402D-04    6.302054939730490D-04   -1.105135600240571D-04
    6.158195441152607D-04   -9.819923048581550D-05   -1.672347179315607D-04
    9.094651641142598D-05   -1.782266141736472D-04    1.200158018184112D-04
   -5.976089443678593D-02    1.991643849321065D-01   -4.299025516421915D-01
    4.334843174699081D-03    3.351609437382963D-02   -4.292839245024019D-01
   -1.346370943277388D-02   -9.408538192009425D-02    1.204253295850270D+00
    1.748473381182440D-02   -3.063986976678922D-03   -2.304115511740091D-02
    5.278198480955235D-03    9.000052243673970D-02    6.254816287304694D-02
   -2.606089933012818D-01    1.044379970200530D+00    3.825975859317847D-03
    2.293165492101928D-02   -2.933610203745638D-01   -8.732653608391906D-03
   -5.165851370094424D-02    6.607625914553087D-01   -9.969738634882043D-04
   -1.855919906582571D-02    4.152617479710818D-02   -3.353959137770126D-03
   -6.701462126879300D-03   -6.682309244267745D-01    9.239350133084799D-02
   -6.682341133369331D-01    9.238487899159160D-02    1.755968944224034D-01
   -1.146938564709702D-01    1.755800211088816D-01   -1.146614214331697D-01
    5.043359520204497D-09    4.404815293843276D-06    1.570067031649225D-05
    1.038527932653965D-02   -2.093387970187405D-01   -1.623009065521997D-02
    9.323624693272907D-03   -1.886523888045810D-01   -1.465497140336573D-02
   -1.498872687535474D-03    1.793135451303686D-01    6.996340471072176D-03
   -9.108496480749169D-03    7.104151444097601D-03   -6.555403394996329D-07
    1.334652130305059D-05   -4.661488123498858D-05    4.780524105080718D-02
   -9.652830370711488D-01   -7.486176430552063D-02   -1.168986765897066D-01
    2.360371551257050D+00    1.830226100582120D-01    1.353548820122368D-03
   -1.606353520920560D-01   -6.266726939224019D-03    8.160412550718112D-03
   -6.363712036733533D-03    2.998802564156954D-01   -4.762450298474016D-01
   -2.998749917906205D-01    4.762594509887939D-01    3.750332229478767D-01
   -1.677968084417904D+00   -3.750527540515718D-01    1.677988493444873D+00
   -3.043712538354957D-02    2.994059760101495D-01    2.202604107491678D-01
   -4.953979154349488D-03   -3.179974509726191D-02    4.065148326028277D-01
    1.086373827890873D-02    6.959295446313710D-02   -8.898104267625284D-01
    7.786087856245227D-03   -1.807338709854218D-02    2.560385084758846D-02
   -3.468692123371197D-04    3.869309023384255D-02   -3.796525728351875D-02
    1.473116980885661D+00   -3.425040359245530D+00    4.422214214170006D-03
    2.832969829193235D-02   -3.622448283760513D-01   -1.093375644297875D-03
   -7.162007026067937D-03    9.108688805266868D-02    8.256587584151563D-03
   -4.347309465970798D-03   -4.652104317923007D-03    2.021747470355169D-03
    4.228010469501995D-02   -3.140145181443062D-01    5.233552053684158D-01
   -3.140278711585833D-01    5.233983426052169D-01   -4.286319261640972D-01
    1.139084877500614D+00   -4.286054653995060D-01    1.139008361635785D+00
    7.421196905825387D-07   -4.359143192519024D-06   -2.933381575882849D-05
    4.987867719851775D-02   -1.006604422293449D+00   -7.809958245110148D-02
   -8.863902326074889D-02    1.788832203162775D+00    1.388026180605958D-01
   -5.851717716284285D-04    7.006688074069758D-02    2.732467737117604D-03
   -3.561496168418010D-03    2.775832912707620D-03    2.292328506868597D-06
   -3.313772927002821D-05    1.113262344631777D-04   -1.810171265808215D-02
    3.654941384714430D-01    2.834156310535189D-02    5.135897629244918D-02
   -1.036856420117055D+00   -8.038179745235099D-02   -2.341071512141712D-05
    2.442230369829009D-03    9.694152882141487D-05   -1.219270815004457D-04
    9.526623467806198D-05    3.306133675514588D-01   -1.193733659327108D+00
   -3.305970388507459D-01    1.193692449687926D+00   -2.926225286465503D-01
    7.519415470268996D-01    2.926437474117295D-01   -7.519927315944042D-01
   -3.824555832427805D-02    2.342905148386102D-01    4.474041224500140D-01
   -9.564914585602217D-03   -6.134906205593792D-02    7.846993831727820D-01
    2.224656020011443D-02    1.425007760375802D-01   -1.822867650964435D+00
    8.732370953856141D-03   -1.808337578164368D-02    2.402493363675688D-02
   -4.299560295236303D-05    4.358283378233978D-02    1.576183426007220D-03
   -4.128116482241557D-01   -4.945505776385474D-01   -5.765544442621439D-03
   -3.685759012215924D-02    4.716236648492269D-01    1.918347473363982D-02
    1.225104847579922D-01   -1.567541696903749D+00   -1.134816910213111D-02
    3.229747252416085D-02   -5.010365602062236D-02    1.463714391025224D-03
   -5.593786295064907D-02   -3.556058192936534D-01    9.374609632312016D-01
   -3.556169772420563D-01    9.374915044787815D-01    3.823419220952525D-01
   -8.156641034543448D-01    3.823446801184505D-01   -8.156702482453925D-01
    2.432174851559106D-03    1.873727930536937D+00   -4.910734404349149D+00
    6.815260334616995D-04    4.296988838874258D-03   -5.468502089375055D-02
   -1.485470091046358D-02   -9.476737266244636D-02    1.210916766055860D+00
   -1.419346521087895D-02    4.671330884905157D-03    1.402149917459248D-02
   -3.900061985610418D-03   -7.284078250269369D-02   -7.247054682957923D-03
   -5.535489400248150D-01    3.374886055523296D+00   -5.666906672168010D-04
   -3.683333652998762D-03    4.719544123841354D-02   -1.829640815300826D-02
   -1.166631215538545D-01    1.493939183840861D+00    7.662460401912286D-03
   -3.080904889808845D-02    5.315213682031432D-02   -2.446855315148230D-03
    3.706208932537627D-02    1.521018314610436D-01    3.963710232603189D-01
    1.520424865404771D-01    3.963167878355855D-01   -9.584057517810503D-02
   -1.882976411597825D-01   -9.577661739850428D-02   -1.882501769222649D-01
   -2.128262759388920D-06   -9.231948328480721D-05    3.119242427268459D-04
   -2.164809613454922D-02    4.364634925999381D-01    3.385340232333283D-02
    1.346476854137177D-01   -2.717644876411775D+00   -2.109203411300465D-01
   -1.826202608757108D-03    2.538438408422834D-01    9.901849923722263D-03
   -1.294975047273916D-02    1.005134083141471D-02    8.498225447051693D-07
    1.160648625279367D-05   -2.394045417469414D-04   -3.230976353707076D-03
    6.459111694449296D-02    4.990608442865515D-03   -1.282247943322397D-01
    2.588959686331362D+00    2.006338184038342D-01   -8.227608034952510D-04
    1.247600311101930D-01    4.863749042074186D-03   -6.239969691646354D-03
    4.926905997634719D-03    6.822821286609136D-01    5.933322196335000D-01
   -6.822909524181795D-01   -5.933320298378455D-01   -6.596965245865566D-01
   -8.402970343553641D-01    6.597014148647298D-01    8.402984385705844D-01
   -1.339415155050210D-06   -4.819475015334405D-05    1.454273251433594D-04
    1.748109930050686D-01    8.498896058626462D-03    2.807731876041842D-03
    5.635476959749411D-03   -9.018422842698984D-05    1.646963676663578D-05
   -4.786040031439218D-02    2.863582192503283D-02    4.869548002726800D-03
    6.077584495455386D-01   -2.548604198945683D-03    1.349562414236055D-06
    1.879909593565770D-05   -1.243883018657840D-04    2.111243717155273D-01
    1.020686193031214D-02    3.378372306629658D-03   -8.525737528456366D-02
   -3.756391392970284D-03   -1.381341033130401D-03    4.808065516493077D-02
   -2.870062302908438D-02   -4.889669055416289D-03   -6.103424975142182D-01
    2.583018451361182D-03    7.348586162057103D-05    7.922315229423473D-05
   -1.107663888917072D-04   -7.923316150047524D-05   -7.960423202893788D-05
   -1.103556238571553D-04    1.049402974664911D-04    1.251217597405804D-04
    4.599374185277211D-07    2.078667415713054D-05   -5.912151309169367D-05
    7.789342452730062D-06   -1.902612019854947D-04   -1.436600329215469D-05
   -5.789723992140446D-05    1.167564862616580D-03    9.772632056520172D-05
    6.643776883536533D-01    1.299720105266167D-02    4.073815990981445D-04
    5.112242353763174D-02   -3.259135219948164D-02   -6.590070367269665D-07
   -1.112384382503632D-05    5.017679346050674D-05   -2.100455483981735D-07
   -3.431771057207858D-05   -1.113292090051868D-06    5.796861346085340D-05
   -1.154848922519754D-03   -8.004624665843819D-05    6.764896611200603D-01
    1.336150999788673D-02    4.202333730060500D-04    5.206017201733114D-02
   -3.316931174856617D-02   -2.703541431313240D-04   -2.675431383931903D-04
    2.838922720783061D-04    2.802796748135934D-04    2.877178855523407D-04
    3.869238121322149D-04   -2.976868143884525D-04   -4.024102449232421D-04
   -1.718734555783617D-06   -2.625179440921798D-05    5.983592830256493D-05
    2.053295150925945D-06   -4.141535628681148D-05   -6.952712646250880D-07
   -2.261146670205106D-06    2.316460244081750D-05    4.311262030738353D-05
    7.428644791179715D-01    1.457465956492116D-02    4.587816993298117D-04
    5.716659369508940D-02   -3.647258993192734D-02   -2.903498581791449D-06
   -2.138747761541199D-05    7.886839795874509D-05    2.850231065144086D-06
   -5.485342732268359D-05   -1.203557719187795D-05    6.025773056208493D-06
   -1.088377914218664D-04   -2.215576731890533D-05   -7.318682684354867D-01
   -1.438687531816568D-02   -4.489236283422937D-04   -5.631830206232646D-02
    3.584775610199414D-02    6.600201382932034D-06   -2.958050763985373D-05
   -8.871552045775814D-05    1.117480142807039D-06    5.955969647082867D-05
    2.175003082423651D-06   -1.385691329913847D-04   -2.372831668481376D-05
    1.662228155301774D-02    2.716854029633279D-01   -5.702702087597500D-01
    6.965183875687928D-04    4.454468816024094D-03   -5.703759109779676D-02
    4.406985679337682D-03    2.850102913114673D-02   -3.646052274362652D-01
    6.200952694895915D-02   -3.496134093426075D-02   -2.987255869612662D-02
    1.476161824417544D-02    3.168022821590538D-01    3.172565071966087D-02
    2.209007598670652D-01   -7.521383602797473D-01   -1.211513528555159D-03
   -7.746450120435918D-03    9.903325232833510D-02   -1.298068086323325D-03
   -8.466445766098370D-03    1.084922280966093D-01    7.597375747788826D-02
   -4.182616221936666D-02   -3.906769306632023D-02    1.833300892405894D-02
    3.892663826517000D-01    4.142262800388058D-01    1.212537223992355D-01
    4.142243265236535D-01    1.212603507574709D-01    4.183308572893441D-01
    7.772407110764575D-02    4.183257048913931D-01    7.773830903181013D-02
    3.624380423858764D-07   -2.469004370290637D-05    2.987243966473650D-05
    5.609870696434092D-03   -1.132441160471824D-01   -8.767407883958142D-03
    4.620454269058583D-02   -9.322909931008474D-01   -7.236789850591979D-02
    4.433772230447743D-03   -5.486006980724251D-01   -2.139716156310004D-02
    2.784757089303264D-02   -2.172287325333798D-02   -1.421557667967095D-06
   -2.968382018689780D-05   -1.770964898945815D-05    1.426671418800366D-02
   -2.880404501546118D-01   -2.235334949134040D-02   -1.616978916240394D-02
    3.262393377464999D-01    2.529727375958203D-02   -6.691646661423833D-03
    8.066340758409745D-01    3.147563272971193D-02   -4.097852679777411D-02
    3.194827174863821D-02    6.266411410975729D-01    1.481337163873295D-01
   -6.266127442399300D-01   -1.481271310586656D-01    4.767400791128932D-01
   -3.248712372135906D-01   -4.767382511670612D-01    3.248648855608688D-01
    2.053933634017499D-02   -5.487291338042862D-01    1.507185035758876D-01
   -5.438378569178538D-03   -3.469845513472249D-02    4.440163379139194D-01
    8.159266339211301D-03    5.233600966648386D-02   -6.692106389958795D-01
    2.786793828666351D-02   -9.429206336661385D-02    1.552352029965537D-01
   -5.964976768128853D-03    1.360776945797143D-01   -3.049864654540515D-02
   -4.942946428749144D-01    9.200692437757652D-02    2.546845229634145D-03
    1.624922000345336D-02   -2.077497196613883D-01   -3.642467020878883D-03
   -2.338110787715869D-02    2.989929471577627D-01    5.387748919516063D-03
   -1.139370260805725D-01    2.353608020512066D-01   -1.648827673887290D-02
    1.849059371240055D-02    2.296487625163763D-01    1.939647681689813D-03
    2.297053920672296D-01    1.934841727180304D-03    1.357462780840964D-01
   -5.678853211632440D-02    1.357891154359197D-01   -5.682021550994611D-02
    3.002364650348481D-02    5.369190692388784D-01   -1.495255302838271D+00
    1.935605117491130D-03    1.247340501837929D-02   -1.596255693139474D-01
   -1.931038765902124D-03   -1.149804477753518D-02    1.478790937164912D-01
    8.336770551053406D-02   -6.186664896042231D-02   -8.416223228810643D-03
    1.766032831500452D-02    4.253180042699893D-01   -2.841067662395969D-02
   -1.533664761868434D-01    1.085793928371666D+00    3.969414245693410D-04
    2.352255003826832D-03   -3.006309499167073D-02   -2.289404898046961D-03
   -1.512279980772860D-02    1.928142545607110D-01   -7.353572799742344D-02
    7.750092083624512D-02   -4.178482282657652D-02   -1.152625278110982D-02
   -3.732330696825400D-01    5.510364861551548D-01    2.741844564471479D-03
    5.510883129739436D-01    2.765340412622225D-03   -4.335305526301445D-01
    4.017219277985005D-03   -4.335465075633899D-01    3.973839572644269D-03
   -7.960876039999045D-06   -1.014846115947908D-04    3.336772649205963D-04
   -6.000597066265394D-02   -2.901721055992490D-03   -9.379773362626517D-04
   -3.707241399242675D-01   -1.791460493060674D-02   -5.951550160648069D-03
   -7.383479588046189D-02    4.411187424476159D-02    7.503628585903044D-03
    9.371172945575816D-01   -4.067913849691003D-03    6.534986284422802D-06
    4.719472002275340D-05   -2.386398984856325D-04    1.675696539197662D-01
    8.088778892023920D-03    2.692551306012908D-03    2.832687216932426D-01
    1.369307221955501D-02    4.476068802723605D-03   -7.398509225462768D-02
    4.420740915736928D-02    7.527432873685152D-03    9.394786818498803D-01
   -3.907414219721814D-03   -1.403228424255972D-04    9.113639579458802D-06
   -1.559046600031892D-04    9.334045474451828D-06    8.423361104160922D-05
   -5.334566042120347D-06    6.703430714918118D-05    1.073820880165156D-05
   -8.063692440092077D-02   -1.420866524364610D-01    2.598958518823887D+00
    6.467022839194964D-03    4.128030370729398D-02   -5.279921566051278D-01
    2.102828911756032D-02    1.342203199100560D-01   -1.718461152391460D+00
    1.289609148316944D-03   -1.718038797270864D-01    3.662410953872023D-01
   -2.714379412706161D-02   -7.476620455879133D-03    3.602745623207558D-02
   -7.013626005871499D-01   -2.150056221288934D+00    1.247018500441418D-02
    7.958820202731641D-02   -1.018530525626665D+00    1.487986820956718D-02
    9.511743906940226D-02   -1.215757410719329D+00    2.884273316398877D-03
    1.321187426951369D-01   -2.887542140251571D-01    2.220201373095564D-02
    2.576260230898244D-02   -6.578510136326051D-03    1.697775344186717D-01
   -6.751372239263017D-03    1.697744526487111D-01    2.565644340427453D-02
   -2.702087800658380D-02    2.576995849196451D-02   -2.697705075942090D-02
    1.155671005584746D-05    1.573543204407429D-05   -3.462624401808060D-04
   -3.647362861649303D-03    7.362391943309934D-02    5.787133449854210D-03
    3.449389514679313D-02   -6.962419010433957D-01   -5.379292904591615D-02
    9.191334092344926D-03   -1.100309774576709D+00   -4.298206756613485D-02
    5.590245466888035D-02   -4.359413787110437D-02   -5.488765646137639D-06
    9.771707692502161D-05    2.757204129112499D-04    6.684627865864321D-03
   -1.349346948072699D-01   -1.032221475644150D-02   -3.251486787066075D-02
    6.563854521270693D-01    5.104986752400684D-02    7.408649222095122D-03
   -8.797308281467019D-01   -3.427830806323850D-02    4.468283148833692D-02
   -3.486153835716926D-02    6.633622261866954D-01   -2.508023590536087D-02
   -6.633382913383606D-01    2.504401247424331D-02   -4.079066793090410D-01
   -1.346705886687764D-01    4.078877687145207D-01    1.346751981387033D-01
orbocc
(1p3d25.15)                             
    2.000000000000000D+00    2.000000000000000D+00    2.000000000000000D+00
    2.000000000000000D+00    2.000000000000000D+00    2.000000000000000D+00
    1.000000000000000D+00    1.000000000000000D+00    1.000000000000000D+00
    0.000000000000000D+00    0.000000000000000D+00    0.000000000000000D+00
    0.000000000000000D+00    0.000000000000000D+00    0.000000000000000D+00
    0.000000000000000D+00    0.000000000000000D+00    0.000000000000000D+00
    0.000000000000000D+00    0.000000000000000D+00    0.000000000000000D+00
    0.000000000000000D+00    0.000000000000000D+00    0.000000000000000D+00
    0.000000000000000D+00    0.000000000000000D+00    0.000000000000000D+00
    0.000000000000000D+00    0.000000000000000D+00    0.000000000000000D+00
    0.000000000000000D+00    0.000000000000000D+00    0.000000000000000D+00
    0.000000000000000D+00    0.000000000000000D+00    0.000000000000000D+00
