 2mocoef
header
                     3
NO-coefficients from mcscf.x                                                    
 total ao core energy =   38.588704248                                          
MCSCF energy =     -94.155328507                                                
                     1
                    36                    36
 A  
mocoef
(1p3d25.15)                             
    9.959531432219616D-01    2.394583756362796D-02   -1.248135180804430D-02
    1.051860014828050D-05    6.634908546786392D-05   -8.489928172208350D-04
   -1.868242705006274D-05   -1.182089154153113D-04    1.513124844970759D-03
   -1.879963365045209D-06   -4.341349467359703D-05    9.638963454678934D-05
   -7.583683413544827D-06   -1.326952794352280D-05    9.641812021339888D-05
   -6.758927876277759D-04    4.730480916462545D-03    6.236705601293644D-06
    3.974464225854128D-05   -5.084366353217166D-04   -2.761916933996426D-05
   -1.765780572043930D-04    2.258563532766110D-03   -5.679435438620355D-06
    9.818579844039232D-05   -2.011154415303723D-04    1.391298072888504D-05
   -2.125769730989976D-05   -1.556892843429006D-05    1.777588623283426D-03
   -1.553158719933744D-05    1.777623286600032D-03   -2.205390349564548D-04
   -1.248111810217372D-04   -2.205521436518174D-04   -1.248720753665228D-04
   -3.281133439395674D-04   -1.463857165834345D-04   -1.870691845196878D-04
   -5.408493239483016D-06   -3.463552682599075D-05    4.430899659017937D-04
   -1.088991521055142D-05   -6.941173064865032D-05    8.889141949937745D-04
    9.174437596225613D-06    8.623162533166234D-05   -2.006342093024160D-04
    1.687316409041019D-05    5.446885511060625D-05    9.960845313125212D-01
    2.405894522320430D-02   -9.579131604850678D-03   -1.701543392950812D-05
   -1.086067429812580D-04    1.389421402884019D-03   -1.141489210190343D-05
   -7.321200324175840D-05    9.364524208014336D-04   -3.601534718227096D-05
   -9.002045856145893D-05    2.542271492894194D-04   -2.630123201376753D-05
   -1.933783615823107D-04   -4.103067181066720D-06    6.285581229884827D-05
   -4.070085472703848D-06    6.291285249569690D-05   -4.052207169651397D-04
    2.577042368483936D-03   -4.052224731791000D-04    2.577013924529932D-03
   -1.917164554666194D-01    4.032648846749289D-01    4.077529560850305D-01
    1.005935089274800D-03    6.381491682121360D-03   -8.165938013617581D-02
    3.422331742631710D-04    2.157676016774067D-03   -2.761681242718612D-02
   -1.633803565732985D-03   -3.009640993814263D-04    3.413787265376552D-03
   -5.849363700203731D-04   -8.457273030579776D-03   -1.100558200394736D-01
    2.237552290735605D-01    6.682812125504968D-02   -1.835044656365685D-03
   -1.172362639387040D-02    1.499895641835975D-01    1.939835252302865D-04
    1.236454302016476D-03   -1.581972685395732D-02   -5.837598884072008D-04
   -2.798289523218504D-03    6.995446936866706D-03   -6.412681719763638D-04
   -3.244458923420345D-03    9.454654082251342D-02   -1.127360041508150D-02
    9.454768380813500D-02   -1.127397637020750D-02    3.745020435793849D-02
   -1.265583461212975D-03    3.745081365996707D-02   -1.265293067729471D-03
   -7.869516498341141D-02    1.669369170650518D-01    2.643659849671615D-01
   -3.533521713972222D-03   -2.264098648350921D-02    2.896960007120705D-01
   -1.540700828212353D-03   -9.884421190400384D-03    1.264821122810290D-01
   -1.737390728215836D-03    3.059748154678057D-03   -3.623771042651192D-03
   -7.804753100830567D-05   -8.715073948966992D-03    1.616487683740805D-01
   -3.416588533523110D-01   -3.022609836265225D-01   -5.200995559768921D-04
   -3.348166672906343D-03    4.284816698280083D-02   -3.592533440888648D-04
   -2.297832129238389D-03    2.939926386787052D-02    2.101918138749041D-03
   -1.391263482487425D-03   -5.747460096415023D-04    4.682609382250658D-04
    1.073985718627458D-02    1.273935751104899D-01    1.119131076050608D-02
    1.273900811694900D-01    1.119136689374073D-02   -1.342951445765130D-01
   -2.292929198679181D-02   -1.342949708073139D-01   -2.292918095097120D-02
   -3.648383853848127D-07    1.108147477565153D-06    8.898284032940209D-07
   -2.373431264532531D-02    4.789220331744000D-01    3.714814158787089D-02
   -1.557116017682683D-02    3.141955245647907D-01    2.437161020793025D-02
   -1.618582169560365D-04    1.980443317287175D-02    7.728825386278199D-04
   -1.005834214208083D-03    7.848053005402467D-04   -1.985862764155707D-06
    4.614592417308288D-06    6.898896196389460D-06   -8.374600005924443D-03
    1.690129263421549D-01    1.310154685198908D-02   -1.021454231150913D-03
    2.060819506968458D-02    1.596507234397939D-03   -1.053215425932825D-04
    1.250220499633875D-02    4.876738704772871D-04   -6.355544201854568D-04
    4.952869564732395D-04    2.080552846278799D-01    3.654972997992771D-02
   -2.080553645560911D-01   -3.655069141884596D-02    5.689159855430487D-02
    2.272965166151595D-02   -5.688584983820226D-02   -2.272851158973265D-02
    1.061791250619664D-02   -2.598227183605625D-02   -9.119292589521261D-03
   -4.806956463156610D-03   -3.082754752897367D-02    3.943131493097142D-01
   -2.595722791827824D-03   -1.666791088869392D-02    2.131852869505765D-01
   -1.239744503467246D-03    2.690547792546924D-03   -3.675217642899542D-03
    2.631615991576138D-05   -6.177013173192395D-03   -4.033241661805569D-02
    7.670834786055383D-02    2.137160496343356D-01    5.184468384612040D-03
    3.309141290765432D-02   -4.234214824867665D-01    1.182484795461198D-03
    7.557175076031833D-03   -9.669507850833996D-02   -2.141629776504725D-03
    5.620931835051494D-03   -8.437526708570196D-03    1.997764101132019D-04
   -1.059634186528484D-02    1.044840786460342D-01    3.174867422164771D-02
    1.044879459071091D-01    3.174999192962675D-02    1.532299794420625D-01
    6.840449823723718D-02    1.532295534404476D-01    6.840485019118475D-02
    4.178312872705545D-07   -9.359766793297475D-07   -3.502896443275704D-06
   -8.216738253278896D-03    1.655240520031584D-01    1.283813596075516D-02
   -8.394298418376253D-03    1.692135240154796D-01    1.312503700524643D-02
   -2.317339158032517D-04    2.778565420267585D-02    1.084174121313797D-03
   -1.410803860136522D-03    1.100996010989690D-03   -1.945534585818237D-07
    3.413724763394636D-07    2.301184611293066D-06    2.264310537767152D-02
   -4.572894853275041D-01   -3.546294211406515D-02    1.380986591588444D-02
   -2.788581063298041D-01   -2.162360618673724D-02   -3.095142924186315D-04
    3.689413342867294D-02    1.439107867905143D-03   -1.874610066931283D-03
    1.461513430912467D-03    9.823572053678382D-02    4.550509787969639D-02
   -9.823684996013356D-02   -4.550608042602046D-02   -2.417662727729203D-01
   -9.679653105390623D-02    2.417686431008333D-01    9.679859430822393D-02
    5.959877612959665D-06   -1.568971290776589D-05   -1.996503929805119D-05
    5.757567585571859D-01    2.782408801517229D-02    9.199061983490743D-03
    4.519537065892457D-01    2.184216658980899D-02    7.223261493937684D-03
    1.451048043366657D-03   -8.660564355189544D-04   -1.477242180049142D-04
   -1.842324528892371D-02    7.903930264634794D-05   -1.873136025622197D-06
    4.407260466963954D-06   -1.473420652490788D-06    2.011009072835900D-01
    9.699185290424874D-03    3.232182376295463D-03    6.240653786127002D-02
    3.004882547088143D-03    1.001816669334718D-03   -2.695009988759614D-03
    1.611407026865925D-03    2.743465492995976D-04    3.421335329586421D-02
   -1.447467277648519D-04    7.724745306026902D-06    2.745884748912782D-06
   -4.914996054835118D-07   -6.067179205088156D-07   -1.000653734685718D-05
   -5.233930680103438D-06    4.366498164174609D-06    2.812013338948346D-06
   -2.635658891363569D-06    6.447004102939333D-06    1.832846493788813D-05
   -2.649584616146303D-01   -1.279912401893738D-02   -4.235238549033797D-03
   -4.123256439423881D-01   -1.991756081872207D-02   -6.595307601410460D-03
    1.653612237731854D-03   -9.867294424782268D-04   -1.680107372444493D-04
   -2.099424043845798D-02    8.851326522688837D-05   -1.251166069977203D-06
    6.255868699954545D-07    1.298179556774001D-05    5.937987496101639D-01
    2.867240990999895D-02    9.499501172653987D-03    6.063479875712703D-01
    2.927614440089049D-02    9.704075951524527D-03    1.664231643219906D-03
   -9.948599556213967D-04   -1.692575682788659D-04   -2.113084421447653D-02
    8.954137628445172D-05   -3.846005851942341D-06   -3.057377127215251D-06
   -9.794354530315419D-06   -1.056770957950748D-05   -1.583726879335145D-06
    7.834368937220146D-07   -4.504420039218875D-06   -8.197693426906486D-06
   -9.943076659282814D-02    1.469802587383879D-01    1.604191433751341D+00
   -1.604226171401122D-03   -1.037316737113396D-02    1.326091934036472D-01
   -4.299267284103287D-03   -2.784748717000203D-02    3.560286925573266D-01
    3.409822689801027D-04   -1.235887797636355D-03    2.077007598411845D-03
   -8.562900842462184D-05    1.659550659611532D-03   -3.154993255679504D-02
    6.822752265986282D-02    5.670766683529939D-01    1.633434423809191D-03
    1.043601877593373D-02   -1.336475695727585D-01    7.113637575237066D-03
    4.556056084290058D-02   -5.833136379361034D-01    7.885909758454909D-04
   -1.886614552716885D-03    2.712322237611313D-03   -4.221377642673748D-05
    3.915919642719657D-03   -7.171935582336579D-02   -1.001328411399926D+00
   -7.172500856849566D-02   -1.001383966430355D+00   -1.465162021325986D-02
   -5.642346053321867D-01   -1.465579950164918D-02   -5.642930161789824D-01
    5.572345246075003D-06   -8.648594076835599D-06   -8.665510128953168D-05
    1.281305337870863D-02   -2.585277229743663D-01   -2.005835807688603D-02
    3.358645079802081D-02   -6.776193831341299D-01   -5.257259977541637D-02
   -2.847886191093816D-04    3.385020302092204D-02    1.320818530486624D-03
   -1.719495123062053D-03    1.341387070677640D-03   -3.808362608990741D-06
    5.479923750139764D-06    4.769823643615858D-05    1.194954513631557D-02
   -2.412948201796393D-01   -1.870963897208662D-02    3.242430750340961D-02
   -6.548585536807324D-01   -5.077540054755094D-02    2.545519840313164D-04
   -3.015936485633567D-02   -1.176629033586577D-03    1.532273333441118D-03
   -1.195064943701853D-03    9.247299348079287D-02    1.074975566394839D+00
   -9.246510611925096D-02   -1.074872659849153D+00    5.982765196662451D-02
    8.830535167389787D-01   -5.983137978832462D-02   -8.831058119702191D-01
   -6.214759226398909D-02    9.982862370815208D-02    9.033236689485347D-01
   -1.947234929821262D-04   -1.310081562116164D-03    1.666663397022726D-02
    6.876008378777250D-04    4.255791745895298D-03   -5.465220905392405D-02
   -8.378454167676741D-04    1.533935797013855D-03   -1.868762981308561D-03
   -3.048841283860049D-05   -4.201386827596969D-03    1.245778401563629D-01
   -1.847546037133357D-01   -2.043282325549291D+00   -1.443954183997904D-03
   -9.271787017779020D-03    1.184904966869457D-01   -4.489082669258541D-03
   -2.880355962756924D-02    3.680848037746058D-01   -4.374893931185151D-04
   -1.630990911299215D-04    1.089362095016873D-03   -1.693751059096134D-04
   -2.273519214437669D-03   -3.674124735487574D-02   -4.993755127436727D-01
   -3.674716839518499D-02   -4.994414489659627D-01    7.086759263905165D-02
    1.315848547420938D+00    7.086273288479195D-02    1.315754399585137D+00
   -7.673069743938419D-07   -4.335177850450476D-07    2.912099759666440D-05
    1.179723495925717D-02   -2.380983073248485D-01   -1.846355840218510D-02
    5.459833090130297D-02   -1.102021140604900D+00   -8.547724047720552D-02
    1.837480382881720D-04   -2.191714181050091D-02   -8.550154019217967D-04
    1.112901283282645D-03   -8.685988144691605D-04    5.892503645738270D-07
    3.990691444315194D-08   -3.051585862904883D-05   -1.461810690713936D-02
    2.951934357110317D-01    2.289455510987433D-02   -8.141785237641355D-02
    1.643778883458563D+00    1.274668952959025D-01   -1.082560490852809D-05
    1.455729629809489D-03    5.666680787250336D-05   -7.355571698386717D-05
    5.761391753508456D-05   -9.308116920166526D-03    1.084902286101126D+00
    9.306090273067644D-03   -1.084925809181423D+00   -1.858781063380439D-02
   -1.625963158093482D+00    1.858974382618125D-02    1.625993062377131D+00
   -5.271548392921645D-02    3.217717970228798D-02    2.030672718241446D+00
    3.719424050603677D-03    2.382690874124910D-02   -3.048110779604442D-01
    2.201342020410264D-02    1.407299644449536D-01   -1.800547817378046D+00
   -1.265739075752353D-03   -1.852347579770658D-03    6.118721401288094D-03
   -7.136198008162429D-04   -6.684229521285158D-03    6.119199093933900D-02
    3.617680633046848D-02   -2.348875307526645D+00    8.493399352127619D-04
    5.462987959799261D-03   -6.986802220436823D-02    3.138479326238717D-02
    2.003687305718559D-01   -2.563419215420071D+00    1.731835275251740D-03
   -5.284718327507271D-03    8.408746241171121D-03   -2.802797604282636D-04
    8.509649155080240D-03    4.075217318807706D-02    6.824735632887897D-01
    4.075391956842710D-02    6.824643998172056D-01   -5.180310964510300D-02
   -2.777330703301631D-01   -5.180868734663812D-02   -2.776872333455095D-01
   -1.723199937500941D-05    2.234045570341475D-05    1.020958529717828D-04
   -2.154837499770599D-01   -1.041768347096973D-02   -3.406696804316511D-03
   -3.353133667205839D-03   -1.216185800869578D-04   -5.132052118654809D-04
   -6.375257863034621D-03    3.813409736278909D-03    6.340379091171258D-04
    8.092341593007955D-02   -3.483072104098898D-04    8.446191681633177D-06
   -1.524239565970869D-04   -2.446783610384765D-04   -9.937704278640748D-01
   -4.797173516316722D-02   -1.619369555041486D-02    1.129696216407561D+00
    5.456061550814017D-02    1.819815564102172D-02    3.519965129633329D-03
   -2.100866200396159D-03   -3.579920871034549D-04   -4.469769187097569D-02
    1.855339127664146D-04    2.946654549484241D-05    6.281294657552602D-05
    4.140246611038337D-05    4.487131667703123D-05    2.029145127417447D-05
   -2.483247746682976D-06    3.303048229857111D-05    7.973381529939122D-06
   -5.103199379654084D-02    4.727052998725884D-02    3.153911556550804D-01
   -9.958060264414581D-04   -6.788851175010978D-03    8.663793028581047D-02
    1.743029226408796D-02    1.114073948837331D-01   -1.424978589030034D+00
   -3.875560670396045D-03    2.439988210290023D-02   -4.585411382634067D-02
    2.620686037111142D-03   -1.800868480023970D-02    2.655405723629823D-02
   -4.617563198670180D-01   -7.553846759539919D-01    1.121442222069874D-02
    6.939608293521966D-02   -8.892701358846080D-01   -3.754123151360939D-03
   -2.128309955524861D-02    2.757904491183517D-01   -1.840127422833777D-03
    1.226536713166614D-04    2.914966105534593D-03   -5.781459233104164D-04
   -9.484923174499442D-03    1.013793850788932D-01    2.261850649085983D-01
    1.015675091956517D-01    2.260914909503361D-01    6.453277145411768D-02
   -1.742556429942738D-02    6.472710872424227D-02   -1.733673168147109D-02
    1.122748652859498D-05   -1.939829378197853D-05   -4.278454535872512D-05
    3.917705983011136D-03   -7.914678533243924D-02   -6.155688409622940D-03
   -4.269707473182925D-03    8.598000994075855D-02    6.996530670760960D-03
    8.453216735331944D-04   -1.011885507770400D-01   -3.937274230374911D-03
    5.138039528863884D-03   -4.004418190221069D-03   -6.538402270962333D-06
    7.726892091184637D-05    2.170626639806300D-04    2.636316832771091D-02
   -5.319640229271404D-01   -4.104617113301147D-02   -6.653959077855058D-02
    1.343187958705494D+00    1.040620061887747D-01   -1.097140178943149D-03
    1.306849923508035D-01    5.097389304946661D-03   -6.637382279047906D-03
    5.181440597615614D-03   -3.786388103729533D-01    1.288217012759808D-01
    3.785735178335101D-01   -1.289145479326733D-01   -4.442343494847555D-01
   -2.351398254254909D-01    4.441747864754081D-01    2.351256597450554D-01
    2.728291028299590D-03   -2.365858424061737D-01    9.286216579356660D-02
   -2.087628352899876D-03   -1.344894620195058D-02    1.720311881014863D-01
   -1.194765212448036D-03   -7.627465866431448D-03    9.770313137861397D-02
    6.522607970199340D-03   -8.933136028148141D-04   -9.127099384943115D-03
    2.001781167884080D-03    3.360018742774510D-02   -4.814899807824107D-02
   -1.046078469007350D+00    2.022362065741730D+00   -9.503927037334337D-04
   -5.966511068727877D-03    7.658532595250572D-02    4.200329449852728D-03
    2.678447988125295D-02   -3.435452609895122D-01    1.618460523266976D-02
   -8.930549983128172D-03   -8.262361963870224D-03    3.893096725475519D-03
    8.284241931276946D-02   -1.709033373742266D-01   -3.194309706480613D-02
   -1.709220387554709D-01   -3.193650496523009D-02   -5.841592587239154D-01
   -1.877240961215934D-01   -5.841850522230210D-01   -1.877650773988401D-01
    5.516657107350398D-05   -1.837779840205982D-04    4.365862101692418D-04
   -9.601577081373116D-01   -4.641959215036203D-02   -1.493502913908671D-02
    1.278134401789067D+00    6.182813352326122D-02    1.931057646147753D-02
   -2.166884428448778D-03    1.290204621538296D-03    2.425747296021609D-04
    2.730147057569835D-02   -1.979076419576016D-04   -6.202528074208997D-05
    2.402871873776927D-04   -9.810840967463055D-04    2.618456018964221D-01
    1.261477499126704D-02    4.490664378770268D-03   -6.627770299042748D-01
   -3.194395808165945D-02   -1.125858321222266D-02    4.257715747070329D-03
   -2.528042686713789D-03   -4.745768907221866D-04   -5.403597810955649D-02
    2.366992248862905D-04    6.302053772473666D-04   -1.105135447547304D-04
    6.158194280406762D-04   -9.819921615960154D-05   -1.672346879400657D-04
    9.094649640830013D-05   -1.782265843962610D-04    1.200157844147206D-04
   -5.976089446001639D-02    1.991643855631328D-01   -4.299025512215834D-01
    4.334843340860189D-03    3.351609437138605D-02   -4.292839243665670D-01
   -1.346370964772925D-02   -9.408538187925974D-02    1.204253295188752D+00
    1.748473380269738D-02   -3.063987004940991D-03   -2.304115504127857D-02
    5.278198468206903D-03    9.000052238570265D-02    6.254816294411371D-02
   -2.606089921673252D-01    1.044379968057331D+00    3.825975803302287D-03
    2.293165484385562D-02   -2.933610194163435D-01   -8.732653474884016D-03
   -5.165851357047466D-02    6.607625898615171D-01   -9.969738977008862D-04
   -1.855919898986742D-02    4.152617469192675D-02   -3.353959127029548D-03
   -6.701462293786584D-03   -6.682309245321388D-01    9.239350190123283D-02
   -6.682341134424185D-01    9.238487956241742D-02    1.755968957223638D-01
   -1.146938574331790D-01    1.755800224090019D-01   -1.146614223952523D-01
    5.043365442541659D-09    4.404815288870376D-06    1.570067023637279D-05
    1.038527947753288D-02   -2.093388000563801D-01   -1.623009089082112D-02
    9.323624419914744D-03   -1.886523832985951D-01   -1.465497097630376D-02
   -1.498872690814414D-03    1.793135455151854D-01    6.996340486085285D-03
   -9.108496500282564D-03    7.104151459338341D-03   -6.555403352943411D-07
    1.334652112257055D-05   -4.661488077023322D-05    4.780524100381200D-02
   -9.652830361180992D-01   -7.486176423150354D-02   -1.168986764364714D-01
    2.360371548162178D+00    1.830226098180739D-01    1.353548822467267D-03
   -1.606353523813720D-01   -6.266726950516282D-03    8.160412565411631D-03
   -6.363712048206180D-03    2.998802573360832D-01   -4.762450335230392D-01
   -2.998749927109253D-01    4.762594546644467D-01    3.750332215947569D-01
   -1.677968081458634D+00   -3.750527526982507D-01    1.677988490485105D+00
   -3.043712607974292D-02    2.994059794593475D-01    2.202604191332280D-01
   -4.953979310203978D-03   -3.179974609853037D-02    4.065148453788565D-01
    1.086373864451075D-02    6.959295680898960D-02   -8.898104567160688D-01
    7.786087999300173D-03   -1.807338733409073D-02    2.560385111141357D-02
   -3.468692031701196D-04    3.869309095235226D-02   -3.796525729822334D-02
    1.473116974089151D+00   -3.425040366670411D+00    4.422214134826848D-03
    2.832969778844307D-02   -3.622448219232020D-01   -1.093375342176647D-03
   -7.162005102572659D-03    9.108686341136861D-02    8.256587399257371D-03
   -4.347308940446508D-03   -4.652105132387942D-03    2.021747493943122D-03
    4.228010378240825D-02   -3.140145240380373D-01    5.233552200651110D-01
   -3.140278770540741D-01    5.233983573080749D-01   -4.286319198472036D-01
    1.139084863578020D+00   -4.286054590813085D-01    1.139008347709827D+00
    7.421197081748274D-07   -4.359143407697283D-06   -2.933381587747108D-05
    4.987867717723640D-02   -1.006604421876272D+00   -7.809958241827615D-02
   -8.863902340228653D-02    1.788832206033824D+00    1.388026182821534D-01
   -5.851717661386548D-04    7.006688007322262D-02    2.732467711060700D-03
   -3.561496134955360D-03    2.775832886234151D-03    2.292328590967987D-06
   -3.313773349596182D-05    1.113262419053989D-04   -1.810171282094080D-02
    3.654941417584374D-01    2.834156336205223D-02    5.135897680987093D-02
   -1.036856430568329D+00   -8.038179826575569D-02   -2.341071946171437D-05
    2.442230882938440D-03    9.694154874911057D-05   -1.219271072347853D-04
    9.526625480246714D-05    3.306133663297759D-01   -1.193733658681543D+00
   -3.305970376286876D-01    1.193692449043279D+00   -2.926225289219148D-01
    7.519415531629934D-01    2.926437476904787D-01   -7.519927377388096D-01
   -3.824555776885077D-02    2.342905087339167D-01    4.474041214565497D-01
   -9.564914515305173D-03   -6.134906160013898D-02    7.846993773699177D-01
    2.224656002348367D-02    1.425007748995630D-01   -1.822867636455450D+00
    8.732370817728140D-03   -1.808337549844863D-02    2.402493325916447D-02
   -4.299560200359832D-05    4.358283310316944D-02    1.576183989077933D-03
   -4.128116715481112D-01   -4.945505240025189D-01   -5.765544527264659D-03
   -3.685759066473037D-02    4.716236717804019D-01    1.918347475574851D-02
    1.225104849044725D-01   -1.567541698746676D+00   -1.134816922996230D-02
    3.229747257851960D-02   -5.010365592087858D-02    1.463714357693486D-03
   -5.593786360591955D-02   -3.556058139114783D-01    9.374609535760893D-01
   -3.556169718584336D-01    9.374914948185470D-01    3.823419287446110D-01
   -8.156641208030998D-01    3.823446867665010D-01   -8.156702655904933D-01
    2.432174801400187D-03    1.873727930927867D+00   -4.910734403868332D+00
    6.815260272849816D-04    4.296988804384586D-03   -5.468502045284093D-02
   -1.485470089474775D-02   -9.476737256890747D-02    1.210916764860270D+00
   -1.419346519756695D-02    4.671330880208858D-03    1.402149916117467D-02
   -3.900061981699851D-03   -7.284078243151677D-02   -7.247054695015481D-03
   -5.535489398276663D-01    3.374886054381146D+00   -5.666906676643094D-04
   -3.683333657486036D-03    4.719544129616054D-02   -1.829640814186871D-02
   -1.166631214791108D-01    1.493939182883417D+00    7.662460394343542D-03
   -3.080904885238600D-02    5.315213673432004D-02   -2.446855310354347D-03
    3.706208929219246D-02    1.521018312515764D-01    3.963710237167692D-01
    1.520424863310263D-01    3.963167882920835D-01   -9.584057524239362D-02
   -1.882976412818609D-01   -9.577661746279627D-02   -1.882501770444105D-01
   -2.128262756074143D-06   -9.231948332211609D-05    3.119242427440884D-04
   -2.164809609512489D-02    4.364634918061848D-01    3.385340226173477D-02
    1.346476853582711D-01   -2.717644875292132D+00   -2.109203410431166D-01
   -1.826202609175289D-03    2.538438406770881D-01    9.901849917281659D-03
   -1.294975046392193D-02    1.005134082493073D-02    8.498225445668450D-07
    1.160648627228237D-05   -2.394045417177228D-04   -3.230976374507366D-03
    6.459111736627603D-02    4.990608475569184D-03   -1.282247942889002D-01
    2.588959685457120D+00    2.006338183360861D-01   -8.227608052218917D-04
    1.247600311827056D-01    4.863749044906083D-03   -6.239969695916532D-03
    4.926906000573646D-03    6.822821289632592D-01    5.933322189735646D-01
   -6.822909527205013D-01   -5.933320291780010D-01   -6.596965249125920D-01
   -8.402970336894177D-01    6.597014151907528D-01    8.402984379046775D-01
   -1.339415137505153D-06   -4.819475052039985D-05    1.454273258660703D-04
    1.748109926212037D-01    8.498896038848847D-03    2.807731869713894D-03
    5.635477488449630D-03   -9.018419971849581D-05    1.646964537867780D-05
   -4.786040032144516D-02    2.863582192903423D-02    4.869548003388732D-03
    6.077584496350873D-01   -2.548604199341908D-03    1.349562418053206D-06
    1.879909589553196D-05   -1.243883019964464D-04    2.111243720660364D-01
    1.020686194756197D-02    3.378372312360497D-03   -8.525737579640584D-02
   -3.756391420436818D-03   -1.381341041830994D-03    4.808065515855359D-02
   -2.870062302511498D-02   -4.889669054795523D-03   -6.103424974329510D-01
    2.583018450977297D-03    7.348586143566307D-05    7.922315126941453D-05
   -1.107663885198330D-04   -7.923316073610945D-05   -7.960423161167326D-05
   -1.103556229383075D-04    1.049402970542446D-04    1.251217586664344D-04
    4.599374266628330D-07    2.078667542356715D-05   -5.912151669522150D-05
    7.789342395993254D-06   -1.902612008242500D-04   -1.436600324383172D-05
   -5.789723963219611D-05    1.167564856327173D-03    9.772632117059552D-05
    6.643776884781771D-01    1.299720105586448D-02    4.073815991901423D-04
    5.112242354715800D-02   -3.259135220559561D-02   -6.590070303594929D-07
   -1.112384470309274D-05    5.017679687333650D-05   -2.100455553580107D-07
   -3.431771066838225D-05   -1.113291834752246D-06    5.796861316015900D-05
   -1.154848916654826D-03   -8.004624527696932D-05    6.764896609973664D-01
    1.336150999559412D-02    4.202333730090808D-04    5.206017200788902D-02
   -3.316931174257223D-02   -2.703541416212674D-04   -2.675431366873878D-04
    2.838922708754506D-04    2.802796734549467D-04    2.877178842443983D-04
    3.869238096696737D-04   -2.976868131994274D-04   -4.024102431697183D-04
   -1.718734588692800D-06   -2.625179411386962D-05    5.983592823189138D-05
    2.053295157921356D-06   -4.141535613934786D-05   -6.952714845494832D-07
   -2.261146637605509D-06    2.316460130667344D-05    4.311262095964839D-05
    7.428644790065401D-01    1.457465956304666D-02    4.587816992122316D-04
    5.716659368652107D-02   -3.647258992672192D-02   -2.903498585723450D-06
   -2.138747737791211D-05    7.886839843042636D-05    2.850231065283985D-06
   -5.485342726194148D-05   -1.203557727137607D-05    6.025772997411253D-06
   -1.088377900838927D-04   -2.215576721778830D-05   -7.318682685489462D-01
   -1.438687532046943D-02   -4.489236284791074D-04   -5.631830207106142D-02
    3.584775610727205D-02    6.600201177253536D-06   -2.958050743078777D-05
   -8.871552108179596D-05    1.117479802116929D-06    5.955969569450709D-05
    2.175002653706491D-06   -1.385691329151541D-04   -2.372831622197373D-05
    1.662228157443741D-02    2.716854025460279D-01   -5.702702087519091D-01
    6.965183829867358D-04    4.454468787207976D-03   -5.703759072915793D-02
    4.406985685015614D-03    2.850102916700391D-02   -3.646052278955280D-01
    6.200952697809463D-02   -3.496134099995737D-02   -2.987255860352157D-02
    1.476161824307323D-02    3.168022823012507D-01    3.172565069360795D-02
    2.209007594068219D-01   -7.521383599271406D-01   -1.211513527676401D-03
   -7.746450114248917D-03    9.903325224911734D-02   -1.298068089380706D-03
   -8.466445786145730D-03    1.084922283534369D-01    7.597375747229181D-02
   -4.182616228514544D-02   -3.906769291644246D-02    1.833300891174560D-02
    3.892663826198225D-01    4.142262802208517D-01    1.212537223895542D-01
    4.142243267056701D-01    1.212603507477611D-01    4.183308573586851D-01
    7.772407102814538D-02    4.183257049607342D-01    7.773830895232293D-02
    3.624380379494154D-07   -2.469004366861821D-05    2.987243973534932D-05
    5.609870696581874D-03   -1.132441160511133D-01   -8.767407884317886D-03
    4.620454269846547D-02   -9.322909932554775D-01   -7.236789851784188D-02
    4.433772233925628D-03   -5.486006984563869D-01   -2.139716157809694D-02
    2.784757091199007D-02   -2.172287326860559D-02   -1.421557663953380D-06
   -2.968382013809042D-05   -1.770964903235499D-05    1.426671421970897D-02
   -2.880404507986116D-01   -2.235334954128104D-02   -1.616978920906603D-02
    3.262393386875331D-01    2.529727383250355D-02   -6.691646658452266D-03
    8.066340754819801D-01    3.147563271568286D-02   -4.097852677990262D-02
    3.194827173442336D-02    6.266411412320356D-01    1.481337163528072D-01
   -6.266127443744889D-01   -1.481271310241573D-01    4.767400791322827D-01
   -3.248712376190966D-01   -4.767382511864763D-01    3.248648859663802D-01
    2.053933629303183D-02   -5.487291334493133D-01    1.507185033271378D-01
   -5.438378565451206D-03   -3.469845511154682D-02    4.440163376170553D-01
    8.159266334233601D-03    5.233600963495948D-02   -6.692106385934983D-01
    2.786793826540270D-02   -9.429206338258610D-02    1.552352030671801D-01
   -5.964976777622925D-03    1.360776944674361D-01   -3.049864656194782D-02
   -4.942946430952447D-01    9.200692510539082D-02    2.546845236953930D-03
    1.624922004978410D-02   -2.077497202541880D-01   -3.642467023726614D-03
   -2.338110789513532D-02    2.989929473876297D-01    5.387748856529077D-03
   -1.139370260298866D-01    2.353608020487598D-01   -1.648827675145517D-02
    1.849059339296778D-02    2.296487623258824D-01    1.939647577120542D-03
    2.297053918765982D-01    1.934841622598642D-03    1.357462775661785D-01
   -5.678853204459066D-02    1.357891149179156D-01   -5.682021543818523D-02
    3.002364647880574D-02    5.369190691445455D-01   -1.495255301835527D+00
    1.935605118844367D-03    1.247340502634899D-02   -1.596255694158644D-01
   -1.931038760562085D-03   -1.149804475310117D-02    1.478790934032538D-01
    8.336770550055687D-02   -6.186664895751402D-02   -8.416223218226807D-03
    1.766032830868412D-02    4.253180042177105D-01   -2.841067660910890D-02
   -1.533664760900222D-01    1.085793927566606D+00    3.969414246684771D-04
    2.352255008278706D-03   -3.006309504919009D-02   -2.289404892431136D-03
   -1.512279976479949D-02    1.928142540119443D-01   -7.353572800865527D-02
    7.750092089086034D-02   -4.178482292463088D-02   -1.152625277949327D-02
   -3.732330697372770D-01    5.510364859813943D-01    2.741844617260366D-03
    5.510883128000722D-01    2.765340465363632D-03   -4.335305526348287D-01
    4.017219261546195D-03   -4.335465075681013D-01    3.973839556304796D-03
   -7.960875925889946D-06   -1.014846095907117D-04    3.336772590764553D-04
   -6.000597067135234D-02   -2.901721056499059D-03   -9.379773370681898D-04
   -3.707241399662040D-01   -1.791460493295546D-02   -5.951550160552573D-03
   -7.383479587587023D-02    4.411187424166469D-02    7.503628585363557D-03
    9.371172945032532D-01   -4.067913847910834D-03    6.534986191150051D-06
    4.719471946590835D-05   -2.386398941945434D-04    1.675696537894724D-01
    8.088778885550277D-03    2.692551303789808D-03    2.832687218373542D-01
    1.369307222662467D-02    4.476068805996392D-03   -7.398509225955102D-02
    4.420740916078945D-02    7.527432874071813D-03    9.394786819090136D-01
   -3.907414221298204D-03   -1.403228401088018D-04    9.113639575176985D-06
   -1.559046582128346D-04    9.334045434575448D-06    8.423360965330678D-05
   -5.334566144866560D-06    6.703430540855323D-05    1.073820894690827D-05
   -8.063692439265359D-02   -1.420866523932178D-01    2.598958518865693D+00
    6.467022837476514D-03    4.128030369616453D-02   -5.279921564626648D-01
    2.102828911505297D-02    1.342203198943025D-01   -1.718461152190983D+00
    1.289609135631913D-03   -1.718038797140052D-01    3.662410953802806D-01
   -2.714379412897618D-02   -7.476620520604805D-03    3.602745622104911D-02
   -7.013626001918064D-01   -2.150056221659056D+00    1.247018500055289D-02
    7.958820200245810D-02   -1.018530525308486D+00    1.487986821047486D-02
    9.511743907513553D-02   -1.215757410791600D+00    2.884273324679886D-03
    1.321187427110719D-01   -2.887542140738115D-01    2.220201373635103D-02
    2.576260235288015D-02   -6.578510257230539D-03    1.697775344014632D-01
   -6.751372360378868D-03    1.697744526315109D-01    2.565644345669109D-02
   -2.702087790842875D-02    2.576995854459801D-02   -2.697705066126055D-02
    1.155671007242660D-05    1.573543208051058D-05   -3.462624407766164D-04
   -3.647362856629252D-03    7.362391933208208D-02    5.787133442099087D-03
    3.449389511508515D-02   -6.962419004029099D-01   -5.379292899587367D-02
    9.191334091039473D-03   -1.100309774411280D+00   -4.298206755975929D-02
    5.590245466049353D-02   -4.359413786454462D-02   -5.488765651426966D-06
    9.771707701965300D-05    2.757204134481858D-04    6.684627854196772D-03
   -1.349346945698497D-01   -1.032221473785652D-02   -3.251486784802449D-02
    6.563854516676322D-01    5.104986748866405D-02    7.408649224517973D-03
   -8.797308284350267D-01   -3.427830807441938D-02    4.468283150290590D-02
   -3.486153836859999D-02    6.633622259205146D-01   -2.508023598399618D-02
   -6.633382910721312D-01    2.504401255280368D-02   -4.079066794629648D-01
   -1.346705884628100D-01    4.078877688684232D-01    1.346751979327214D-01
orbocc
(1p3d25.15)                             
    2.000000000000000D+00    2.000000000000000D+00    2.000000000000000D+00
    2.000000000000000D+00    2.000000000000000D+00    2.000000000000000D+00
    1.665751248052184D+00    1.632692525465066D+00    7.015562264827500D-01
    0.000000000000000D+00    0.000000000000000D+00    0.000000000000000D+00
    0.000000000000000D+00    0.000000000000000D+00    0.000000000000000D+00
    0.000000000000000D+00    0.000000000000000D+00    0.000000000000000D+00
    0.000000000000000D+00    0.000000000000000D+00    0.000000000000000D+00
    0.000000000000000D+00    0.000000000000000D+00    0.000000000000000D+00
    0.000000000000000D+00    0.000000000000000D+00    0.000000000000000D+00
    0.000000000000000D+00    0.000000000000000D+00    0.000000000000000D+00
    0.000000000000000D+00    0.000000000000000D+00    0.000000000000000D+00
    0.000000000000000D+00    0.000000000000000D+00    0.000000000000000D+00
