 2mocoef
header
                     3
NO-coefficients from mcscf.x                                                    
 total ao core energy =   38.588704248                                          
MCSCF energy =     -94.155328507                                                
                     1
                    36                    36
 A  
mocoef
(1p3d25.15)                             
    9.959531437805011D-01    2.394582783612230D-02   -1.248134079511021D-02
    1.051854165465929D-05    6.634871133342952D-05   -8.489880323279083D-04
   -1.868238414925726D-05   -1.182086405167215D-04    1.513121329230746D-03
   -1.880199133716775D-06   -4.341331414923897D-05    9.638964753840398D-05
   -7.583731842010466D-06   -1.327073387927721D-05    9.641763877131845D-05
   -6.758911682590977D-04    4.730476549156621D-03    6.236668230163757D-06
    3.974440359069447D-05   -5.084335817185640D-04   -2.761914738637850D-05
   -1.765779181248098D-04    2.258561753137794D-03   -5.679363959124044D-06
    9.818527878329340D-05   -2.011144470185002D-04    1.391292079484197D-05
   -2.125737161740943D-05   -1.556921591068656D-05    1.777587891700498D-03
   -1.553187484574821D-05    1.777622555162143D-03   -2.205384422836760D-04
   -1.248115642804625D-04   -2.205515509544024D-04   -1.248724586661827D-04
   -3.281130881319876D-04   -1.463854097018886D-04   -1.870754515001901D-04
   -5.408513381689084D-06   -3.463565537579227D-05    4.430916104922527D-04
   -1.088996957186491D-05   -6.941207794344565D-05    8.889186389104381D-04
    9.174431194236482D-06    8.623207557600036D-05   -2.006351645745388D-04
    1.687323431172566D-05    5.446885829755086D-05    9.960845311782263D-01
    2.405894796944304D-02   -9.579126980977388D-03   -1.701547915195583D-05
   -1.086070321050166D-04    1.389425102130716D-03   -1.141491686205348D-05
   -7.321216088749460D-05    9.364544372148906D-04   -3.601530861894394D-05
   -9.002076939218649D-05    2.542277495943736D-04   -2.630126904380534D-05
   -1.933781833603222D-04   -4.103057811585053D-06    6.285554371420655D-05
   -4.070076097868450D-06    6.291258396971155D-05   -4.052205746695715D-04
    2.577042245016310D-03   -4.052223308935332D-04    2.577013801025151D-03
   -1.917164553861206D-01    4.032648849394595D-01    4.077529552781968D-01
    1.005935105251022D-03    6.381491784446756D-03   -8.165938144423787D-02
    3.422331964475616D-04    2.157676156638985D-03   -2.761681421677019D-02
   -1.633803582562863D-03   -3.009641964875819D-04    3.413787505270222D-03
   -5.849363917869221D-04   -8.457273134278033D-03   -1.100558199569503D-01
    2.237552269783312D-01    6.682812223635273D-02   -1.835044631338200D-03
   -1.172362623190579D-02    1.499895621121067D-01    1.939835347778333D-04
    1.236454364088529D-03   -1.581972764984587D-02   -5.837598657540546D-04
   -2.798289514586347D-03    6.995446879471022D-03   -6.412681629423285D-04
   -3.244458804557624D-03    9.454654129087341D-02   -1.127359885548298D-02
    9.454768427640634D-02   -1.127397481070866D-02    3.745020439231985D-02
   -1.265584276900353D-03    3.745081369429473D-02   -1.265293883492239D-03
   -7.869516497225625D-02    1.669369161865166D-01    2.643659862323173D-01
   -3.533521718431363D-03   -2.264098651616830D-02    2.896960011291201D-01
   -1.540700785220073D-03   -9.884420911484535D-03    1.264821087166109D-01
   -1.737390760970116D-03    3.059748245665631D-03   -3.623771182206365D-03
   -7.804752725290939D-05   -8.715074111852586D-03    1.616487684325037D-01
   -3.416588522795438D-01   -3.022609889406302D-01   -5.200995694534436D-04
   -3.348166759060989D-03    4.284816808299651D-02   -3.592533366023224D-04
   -2.297832084989789D-03    2.939926330269157D-02    2.101918117490929D-03
   -1.391263606175211D-03   -5.747457037457456D-04    4.682609108159172D-04
    1.073985705348493D-02    1.273935743718688D-01    1.119131215325121D-02
    1.273900804309905D-01    1.119136828668113D-02   -1.342951452568088D-01
   -2.292929119582972D-02   -1.342949714875475D-01   -2.292918015994551D-02
   -3.648383679062889D-07    1.108147519467648D-06    8.898282568446971D-07
   -2.373431246812229D-02    4.789220295913078D-01    3.714814131025433D-02
   -1.557116043858768D-02    3.141955298146056D-01    2.437161061502159D-02
   -1.618582137914607D-04    1.980443286689034D-02    7.728825266641763D-04
   -1.005834200477444D-03    7.848052884296688D-04   -1.985862764739992D-06
    4.614592350875409D-06    6.898896218153951D-06   -8.374600027082634D-03
    1.690129267509072D-01    1.310154688314294D-02   -1.021454099461553D-03
    2.060819256264155D-02    1.596507040083818D-03   -1.053215466032488D-04
    1.250220547223557D-02    4.876738890387335D-04   -6.355544418339255D-04
    4.952869753004496D-04    2.080552838076725D-01    3.654973019057004D-02
   -2.080553637356496D-01   -3.655069162929659D-02    5.689159840155530D-02
    2.272965199659508D-02   -5.688584968511524D-02   -2.272851192467776D-02
    1.061791252710493D-02   -2.598227172478305D-02   -9.119294051053595D-03
   -4.806956496296297D-03   -3.082754774065940D-02    3.943131520126809D-01
   -2.595722787674982D-03   -1.666791086517957D-02    2.131852866452014D-01
   -1.239744482093956D-03    2.690547823693538D-03   -3.675217747282586D-03
    2.631617233925668D-05   -6.177013056668848D-03   -4.033241628774564D-02
    7.670834773390964D-02    2.137160492427859D-01    5.184468355670466D-03
    3.309141271907462D-02   -4.234214800746841D-01    1.182484793307454D-03
    7.557175062015280D-03   -9.669507832837478D-02   -2.141629746959024D-03
    5.620932060589611D-03   -8.437527246296532D-03    1.997764562727129D-04
   -1.059634168392097D-02    1.044840786240720D-01    3.174867522623789D-02
    1.044879458854747D-01    3.174999293410252D-02    1.532299797039283D-01
    6.840449774003880D-02    1.532295537023078D-01    6.840484969389600D-02
    4.178313142636383D-07   -9.359767226526293D-07   -3.502896478363661D-06
   -8.216738114655755D-03    1.655240493503187D-01    1.283813575478684D-02
   -8.394298540988570D-03    1.692135266152720D-01    1.312503720817478D-02
   -2.317339095579736D-04    2.778565346803644D-02    1.084174092696742D-03
   -1.410803823580665D-03    1.100995981913457D-03   -1.945534618924515D-07
    3.413726661725939D-07    2.301185162540092D-06    2.264310538296177D-02
   -4.572894853399303D-01   -3.546294211471350D-02    1.380986592678175D-02
   -2.788581065323885D-01   -2.162360620249881D-02   -3.095142787315670D-04
    3.689413172960144D-02    1.439107801633055D-03   -1.874609977761277D-03
    1.461513363561186D-03    9.823572007009670D-02    4.550509855025908D-02
   -9.823684949378252D-02   -4.550608109697803D-02   -2.417662737679249D-01
   -9.679653090549213D-02    2.417686440959332D-01    9.679859415998000D-02
    5.959877516164011D-06   -1.568971323343942D-05   -1.996503782555331D-05
    5.757567579096585D-01    2.782408798170060D-02    9.199061972358070D-03
    4.519537074291675D-01    2.184216663027509D-02    7.223261508497446D-03
    1.451048228592616D-03   -8.660565471533187D-04   -1.477242369581936D-04
   -1.842324764009297D-02    7.903931291352123D-05   -1.873135991682595D-06
    4.407259807449612D-06   -1.473419456312892D-06    2.011009068544390D-01
    9.699185274523734D-03    3.232182369601575D-03    6.240653639449530D-02
    3.004882472058955D-03    1.001816645934932D-03   -2.695010196367231D-03
    1.611407148321761D-03    2.743465702889761D-04    3.421335593195288D-02
   -1.447467389516109D-04    7.724742025060143D-06    2.745882124314952D-06
   -4.914979577970478D-07   -6.067169582620254D-07   -1.000653039370394D-05
   -5.233926576413172D-06    4.366491220335825D-06    2.812009167440599D-06
   -2.635658964171284D-06    6.447004112140491D-06    1.832846565179179D-05
   -2.649584607358884D-01   -1.279912398055035D-02   -4.235238536082414D-03
   -4.123256447409694D-01   -1.991756086095434D-02   -6.595307614192128D-03
    1.653612199401588D-03   -9.867294216413111D-04   -1.680107333726981D-04
   -2.099423995210640D-02    8.851326293091119D-05   -1.251166129980847D-06
    6.255870135225978D-07    1.298179572040438D-05    5.937987491297833D-01
    2.867240988716740D-02    9.499501164731555D-03    6.063479890136981D-01
    2.927614447689625D-02    9.704075975415777D-03    1.664231521408625D-03
   -9.948598855724774D-04   -1.692575560352873D-04   -2.113084266592808D-02
    8.954136978511221D-05   -3.846005215203086D-06   -3.057376967195142D-06
   -9.794354692676727D-06   -1.056771099750241D-05   -1.583729548168526D-06
    7.834339081554378D-07   -4.504417780271957D-06   -8.197690423495998D-06
   -9.943076538886896D-02    1.469802592931917D-01    1.604191430971587D+00
   -1.604226179481521D-03   -1.037316741947919D-02    1.326091940243135D-01
   -4.299267280198281D-03   -2.784748714473317D-02    3.560286922399846D-01
    3.409822767530211D-04   -1.235887821764343D-03    2.077007637062691D-03
   -8.562900977042201D-05    1.659550697534534D-03   -3.154993299816773D-02
    6.822752355994535D-02    5.670766738280826D-01    1.633434433775929D-03
    1.043601884182128D-02   -1.336475704148246D-01    7.113637588647298D-03
    4.556056093026847D-02   -5.833136390512739D-01    7.885909820037348D-04
   -1.886614571516161D-03    2.712322267490191D-03   -4.221377740302741D-05
    3.915919673235784D-03   -7.171935574783693D-02   -1.001328409292070D+00
   -7.172500849283379D-02   -1.001383964321068D+00   -1.465162064183092D-02
   -5.642346090622203D-01   -1.465579993018207D-02   -5.642930199083362D-01
    5.572345166988925D-06   -8.648594164416262D-06   -8.665510123763174D-05
    1.281305335969785D-02   -2.585277225974517D-01   -2.005835804766608D-02
    3.358645065175069D-02   -6.776193801882683D-01   -5.257259954661879D-02
   -2.847886189198352D-04    3.385020300735352D-02    1.320818529961488D-03
   -1.719495122309485D-03    1.341387070144107D-03   -3.808362707328314D-06
    5.479923929742223D-06    4.769823813872623D-05    1.194954519153181D-02
   -2.412948212961608D-01   -1.870963905875454D-02    3.242430772991552D-02
   -6.548585582650920D-01   -5.077540090348608D-02    2.545519840614984D-04
   -3.015936485375114D-02   -1.176629033484893D-03    1.532273333241258D-03
   -1.195064943595626D-03    9.247299327153510D-02    1.074975562480991D+00
   -9.246510590998608D-02   -1.074872655935625D+00    5.982765249675012D-02
    8.830535220622273D-01   -5.983138031861458D-02   -8.831058172957913D-01
   -6.214759168195942D-02    9.982862444738289D-02    9.033236760367448D-01
   -1.947234982777470D-04   -1.310081594139330D-03    1.666663437760017D-02
    6.876008411193738D-04    4.255791765445928D-03   -5.465220930836247D-02
   -8.378454126028086D-04    1.533935770562172D-03   -1.868762931460553D-03
   -3.048841573961038D-05   -4.201386808525787D-03    1.245778401963881D-01
   -1.847546040949032D-01   -2.043282323697294D+00   -1.443954191380513D-03
   -9.271787066307085D-03    1.184904973046164D-01   -4.489082602355501D-03
   -2.880355919989604D-02    3.680847982928434D-01   -4.374893993179319D-04
   -1.630990729195476D-04    1.089362066545361D-03   -1.693751050505083D-04
   -2.273519245407019D-03   -3.674124757495550D-02   -4.993755151196042D-01
   -3.674716861533335D-02   -4.994414513430457D-01    7.086759298973129D-02
    1.315848544274637D+00    7.086273323533515D-02    1.315754396436857D+00
   -7.673069929650274D-07   -4.335178418354132D-07    2.912099758126319D-05
    1.179723505134864D-02   -2.380983091499793D-01   -1.846355854365251D-02
    5.459833110646568D-02   -1.102021144705090D+00   -8.547724079507503D-02
    1.837480378215844D-04   -2.191714174923255D-02   -8.550153995286054D-04
    1.112901280381559D-03   -8.685988120403582D-04    5.892503658703579D-07
    3.990689616821622D-08   -3.051585863942828D-05   -1.461810691988338D-02
    2.951934359515305D-01    2.289455512855556D-02   -8.141785220512926D-02
    1.643778879974686D+00    1.274668950260876D-01   -1.082560136147164D-05
    1.455729203108165D-03    5.666679121977402D-05   -7.355569537098953D-05
    5.761390062799505D-05   -9.308116888127835D-03    1.084902290213218D+00
    9.306090241030950D-03   -1.084925813293869D+00   -1.858781003285538D-02
   -1.625963154189555D+00    1.858974322524762D-02    1.625993058473534D+00
   -5.271548225429253D-02    3.217717867957460D-02    2.030672716420177D+00
    3.719424042989658D-03    2.382690869294770D-02   -3.048110773432337D-01
    2.201342018449818D-02    1.407299643169165D-01   -1.800547815743156D+00
   -1.265739074369997D-03   -1.852347551189548D-03    6.118721337681546D-03
   -7.136197956802526D-04   -6.684229512111005D-03    6.119199087150443D-02
    3.617680507229673D-02   -2.348875301525368D+00    8.493399481692774D-04
    5.462988043116002D-03   -6.986802326952674D-02    3.138479326294870D-02
    2.003687305757184D-01   -2.563419215465603D+00    1.731835281807031D-03
   -5.284718362527735D-03    8.408746305269110D-03   -2.802797638400734D-04
    8.509649185985698D-03    4.075217327613953D-02    6.824735633236754D-01
    4.075391965653521D-02    6.824643998516569D-01   -5.180310998028570D-02
   -2.777330716582934D-01   -5.180868768183436D-02   -2.776872346730934D-01
   -1.723199694655590D-05    2.234045469583654D-05    1.020958392378722D-04
   -2.154837480003746D-01   -1.041768337665047D-02   -3.406696776360197D-03
   -3.353134938803492D-03   -1.216186470219163D-04   -5.132051760062622D-04
   -6.375257854424615D-03    3.813409730163075D-03    6.340379101295604D-04
    8.092341582235174D-02   -3.483072093552600D-04    8.446191047390908D-06
   -1.524239326329507D-04   -2.446783415678291D-04   -9.937704284030708D-01
   -4.797173519301434D-02   -1.619369552384384D-02    1.129696217157057D+00
    5.456061554459411D-02    1.819815564393273D-02    3.519965101656818D-03
   -2.100866183392548D-03   -3.579920843348655D-04   -4.469769151544437D-02
    1.855339114415033D-04    2.946654139086751D-05    6.281293823503160D-05
    4.140246359870259D-05    4.487130743409500D-05    2.029144964766408D-05
   -2.483244094115024D-06    3.303048216362757D-05    7.973384259127741D-06
   -5.103199252924228D-02    4.727053094398161D-02    3.153911538874257D-01
   -9.958060301732661D-04   -6.788851137826912D-03    8.663792980564076D-02
    1.743029226223809D-02    1.114073948680605D-01   -1.424978588842976D+00
   -3.875560703623576D-03    2.439988212461404D-02   -4.585411381617292D-02
    2.620686033131621D-03   -1.800868496860928D-02    2.655405825476669D-02
   -4.617563124479995D-01   -7.553846903404804D-01    1.121442219784471D-02
    6.939608304323031D-02   -8.892701372770514D-01   -3.754123153753746D-03
   -2.128309986108736D-02    2.757904530204477D-01   -1.840127484486055D-03
    1.226536474060296D-04    2.914966260589203D-03   -5.781459492647616D-04
   -9.484923495263184D-03    1.013793860657612D-01    2.261850646342725D-01
    1.015675101804660D-01    2.260914906758603D-01    6.453277368796818D-02
   -1.742556015230586D-02    6.472711095570750D-02   -1.733672753443233D-02
    1.122748605803243D-05   -1.939829397694796D-05   -4.278454402754824D-05
    3.917706005079553D-03   -7.914678574445234D-02   -6.155688441138399D-03
   -4.269707301232170D-03    8.598000652161647D-02    6.996530401336842D-03
    8.453216742839569D-04   -1.011885508749393D-01   -3.937274234339203D-03
    5.138039533909879D-03   -4.004418194096813D-03   -6.538402488609676D-06
    7.726891737592236D-05    2.170626662414979D-04    2.636316833739907D-02
   -5.319640231065199D-01   -4.104617114915896D-02   -6.653959097685129D-02
    1.343187962682846D+00    1.040620064969365D-01   -1.097140180238984D-03
    1.306849924985306D-01    5.097389310679734D-03   -6.637382286311944D-03
    5.181440603544937D-03   -3.786388105661861D-01    1.288217027833906D-01
    3.785735180266000D-01   -1.289145494385745D-01   -4.442343489932960D-01
   -2.351398283434352D-01    4.441747859828505D-01    2.351256626606282D-01
    2.728290461080754D-03   -2.365858423437567D-01    9.286216477634950D-02
   -2.087628372010696D-03   -1.344894632335433D-02    1.720311896551049D-01
   -1.194765121501158D-03   -7.627465277311212D-03    9.770312384304033D-02
    6.522607919024154D-03   -8.933134650458571D-04   -9.127099593810778D-03
    2.001781173319724D-03    3.360018717491330D-02   -4.814899805979977D-02
   -1.046078471278849D+00    2.022362063410007D+00   -9.503926625090883D-04
   -5.966510790559743D-03    7.658532239547397D-02    4.200329417583391D-03
    2.678447965689409D-02   -3.435452581302191D-01    1.618460522999118D-02
   -8.930549955573151D-03   -8.262362018395961D-03    3.893096728897967D-03
    8.284241930048089D-02   -1.709033357308744D-01   -3.194309639715147D-02
   -1.709220371124048D-01   -3.193650429753198D-02   -5.841592585372543D-01
   -1.877240960648370D-01   -5.841850520367153D-01   -1.877650773428022D-01
    5.516657944401523D-05   -1.837780187311977D-04    4.365862862894577D-04
   -9.601577087724021D-01   -4.641959218732179D-02   -1.493502906915937D-02
    1.278134401347293D+00    6.182813352024510D-02    1.931057622917033D-02
   -2.166884460005759D-03    1.290204638984864D-03    2.425747368418338D-04
    2.730147093388991D-02   -1.979076602583986D-04   -6.202529277551925D-05
    2.402872362798336D-04   -9.810842909163398D-04    2.618456008658083D-01
    1.261477493830952D-02    4.490664418613175D-03   -6.627770279456868D-01
   -3.194395797947268D-02   -1.125858330446793D-02    4.257715778433218D-03
   -2.528042701818604D-03   -4.745769017341893D-04   -5.403597850495877D-02
    2.366992277029039D-04    6.302055020232417D-04   -1.105135610332463D-04
    6.158195519730201D-04   -9.819923146265183D-05   -1.672347199337672D-04
    9.094651795956674D-05   -1.782266165381047D-04    1.200158032257070D-04
   -5.976089148091273D-02    1.991643847937050D-01   -4.299025522329705D-01
    4.334843156174573D-03    3.351609433618224D-02   -4.292839240298314D-01
   -1.346370943210698D-02   -9.408538200628130D-02    1.204253296961595D+00
    1.748473381131630D-02   -3.063986981824997D-03   -2.304115510551762D-02
    5.278198480349373D-03    9.000052243385231D-02    6.254816332667150D-02
   -2.606089937821013D-01    1.044379971971996D+00    3.825975863402312D-03
    2.293165492835824D-02   -2.933610204652214D-01   -8.732653614487256D-03
   -5.165851369433540D-02    6.607625913676599D-01   -9.969738603388238D-04
   -1.855919906847981D-02    4.152617479745713D-02   -3.353959137906825D-03
   -6.701462111117403D-03   -6.682309243415903D-01    9.239350118869660D-02
   -6.682341132517078D-01    9.238487884952501D-02    1.755968943911309D-01
   -1.146938566286589D-01    1.755800210774778D-01   -1.146614215908512D-01
    5.043333539561961D-09    4.404815224982202D-06    1.570067037887974D-05
    1.038527927975609D-02   -2.093387960895623D-01   -1.623009058320286D-02
    9.323624755943808D-03   -1.886523900808009D-01   -1.465497150232253D-02
   -1.498872686856375D-03    1.793135450482140D-01    6.996340467866726D-03
   -9.108496476546185D-03    7.104151440837104D-03   -6.555403464346280D-07
    1.334652116534758D-05   -4.661488091689800D-05    4.780524105466481D-02
   -9.652830371571521D-01   -7.486176431215250D-02   -1.168986766210564D-01
    2.360371551886046D+00    1.830226101069312D-01    1.353548820474148D-03
   -1.606353521337016D-01   -6.266726940852499D-03    8.160412552789783D-03
   -6.363712038386457D-03    2.998802562131359D-01   -4.762450289164113D-01
   -2.998749915879729D-01    4.762594500576739D-01    3.750332233481158D-01
   -1.677968085016452D+00   -3.750527544517201D-01    1.677988494043184D+00
   -3.043712509806622D-02    2.994059745002249D-01    2.202604088982310D-01
   -4.953979094940438D-03   -3.179974471553326D-02    4.065148277259839D-01
    1.086373815321233D-02    6.959295365668214D-02   -8.898104164588212D-01
    7.786087812288023D-03   -1.807338699837380D-02    2.560385070700899D-02
   -3.468692106502098D-04    3.869309001520697D-02   -3.796525758724136D-02
    1.473116983608891D+00   -3.425040356367543D+00    4.422214245627281D-03
    2.832969849240004D-02   -3.622448309454392D-01   -1.093375752100721D-03
   -7.162007713575561D-03    9.108689686090475D-02    8.256587647704762D-03
   -4.347309647739523D-03   -4.652104035445619D-03    2.021747462020601D-03
    4.228010500820164D-02   -3.140145163596136D-01    5.233551998948508D-01
   -3.140278693735650D-01    5.233983371303749D-01   -4.286319282289614D-01
    1.139084882219504D+00   -4.286054674647324D-01    1.139008366355996D+00
    7.421196087638524D-07   -4.359142846573120D-06   -2.933381566016268D-05
    4.987867726934283D-02   -1.006604423688816D+00   -7.809958255868879D-02
   -8.863902319028641D-02    1.788832201773207D+00    1.388026179515117D-01
   -5.851717727031017D-04    7.006688086945727D-02    2.732467742167346D-03
   -3.561496174968835D-03    2.775832917843346D-03    2.292328504868953D-06
   -3.313772874777760D-05    1.113262326098304D-04   -1.810171263379938D-02
    3.654941379722147D-01    2.834156306666031D-02    5.135897616900055D-02
   -1.036856417639830D+00   -8.038179726095104D-02   -2.341071321073622D-05
    2.442230142014526D-03    9.694151991008840D-05   -1.219270698158402D-04
    9.526622564636931D-05    3.306133672843551D-01   -1.193733659697616D+00
   -3.305970385842450D-01    1.193692450059942D+00   -2.926225281897464D-01
    7.519415456968140D-01    2.926437469548602D-01   -7.519927302639743D-01
   -3.824555927186352D-02    2.342905164774394D-01    4.474041248211028D-01
   -9.564914602419415D-03   -6.134906216197292D-02    7.846993845337268D-01
    2.224656027091159D-02    1.425007764917471D-01   -1.822867656783267D+00
    8.732371002411863D-03   -1.808337588646116D-02    2.402493377941837D-02
   -4.299560385538624D-05    4.358283402429591D-02    1.576182801538848D-03
   -4.128116397712579D-01   -4.945505976534006D-01   -5.765544426784470D-03
   -3.685759002280879D-02    4.716236635766740D-01    1.918347472843196D-02
    1.225104847221686D-01   -1.567541696441826D+00   -1.134816905368865D-02
    3.229747249731845D-02   -5.010365604505364D-02    1.463714402659163D-03
   -5.593786270268936D-02   -3.556058213422795D-01    9.374609660072185D-01
   -3.556169792904468D-01    9.374915072538593D-01    3.823419193998372D-01
   -8.156640971342216D-01    3.823446774229324D-01   -8.156702419249239D-01
    2.432177825448567D-03    1.873727930529136D+00   -4.910734404338556D+00
    6.815260265649901D-04    4.296988792782627D-03   -5.468502030255268D-02
   -1.485470090555273D-02   -9.476737263305393D-02    1.210916765677479D+00
   -1.419346520774115D-02    4.671330880637455D-03    1.402149917847044D-02
   -3.900061985263696D-03   -7.284078248686576D-02   -7.247054463596058D-03
   -5.535489399868748D-01    3.374886054617223D+00   -5.666906640845534D-04
   -3.683333633552610D-03    4.719544098909606D-02   -1.829640814921194D-02
   -1.166631215293083D-01    1.493939183529458D+00    7.662460402656323D-03
   -3.080904889463103D-02    5.315213681163776D-02   -2.446855314349564D-03
    3.706208932949957D-02    1.521018314740632D-01    3.963710235143351D-01
    1.520424865534279D-01    3.963167880893975D-01   -9.584057511365662D-02
   -1.882976410740436D-01   -9.577661733401696D-02   -1.882501768362758D-01
   -2.128262803100571D-06   -9.231948335294745D-05    3.119242429639392D-04
   -2.164809618344730D-02    4.364634936094854D-01    3.385340240165893D-02
    1.346476853913745D-01   -2.717644875940353D+00   -2.109203410934774D-01
   -1.826202609432579D-03    2.538438409092028D-01    9.901849926333450D-03
   -1.294975047618046D-02    1.005134083407269D-02    8.498225720215461D-07
    1.160648623090748D-05   -2.394045418406675D-04   -3.230976342611323D-03
    6.459111671968920D-02    4.990608425429494D-03   -1.282247943263480D-01
    2.588959686206911D+00    2.006338183941232D-01   -8.227608034386830D-04
    1.247600311170376D-01    4.863749042337966D-03   -6.239969691858771D-03
    4.926905997897127D-03    6.822821290918375D-01    5.933322197917582D-01
   -6.822909528490949D-01   -5.933320299961704D-01   -6.596965246416426D-01
   -8.402970345267776D-01    6.597014149198058D-01    8.402984387419880D-01
   -1.339415349609023D-06   -4.819475013216901D-05    1.454273253853884D-04
    1.748109951188758D-01    8.498896163123723D-03    2.807731909815222D-03
    5.635478484406282D-03   -9.018415325564297D-05    1.646966112918984D-05
   -4.786040029489284D-02    2.863582191351114D-02    4.869548000745366D-03
    6.077584492972181D-01   -2.548604197885889D-03    1.349562358501725D-06
    1.879909597571780D-05   -1.243883020363363D-04    2.111243729644440D-01
    1.020686199010518D-02    3.378372326866789D-03   -8.525737453636242D-02
   -3.756391357307214D-03   -1.381341021187981D-03    4.808065516795974D-02
   -2.870062303078623D-02   -4.889669055719686D-03   -6.103424975533769D-01
    2.583018451536107D-03    7.348586271672996D-05    7.922315256512863D-05
   -1.107663900262381D-04   -7.923316183753036D-05   -7.960423252561219D-05
   -1.103556241147934D-04    1.049402978003599D-04    1.251217599216009D-04
    4.599371864293348D-07    2.078667331066537D-05   -5.912151407318140D-05
    7.789342514586627D-06   -1.902612025700989D-04   -1.436600304133355D-05
   -5.789723987348738D-05    1.167564862244106D-03    9.772632072250322D-05
    6.643776879485657D-01    1.299720104466758D-02    4.073815988438865D-04
    5.112242350651398D-02   -3.259135217959556D-02   -6.590067699338848D-07
   -1.112384320336436D-05    5.017679439728049D-05   -2.100455487249148D-07
   -3.431771060554806D-05   -1.113293197209676D-06    5.796861341482547D-05
   -1.154848922459090D-03   -8.004624689723963D-05    6.764896615191393D-01
    1.336151000579515D-02    4.202333732299300D-04    5.206017204799265D-02
   -3.316931176816905D-02   -2.703541435193071D-04   -2.675431383827053D-04
    2.838922721598021D-04    2.802796749163595D-04    2.877178859979383D-04
    3.869238123111378D-04   -2.976868137414885D-04   -4.024102447253564D-04
   -1.718734996568655D-06   -2.625179466527439D-05    5.983592807978816D-05
    2.053295151670902D-06   -4.141535651877161D-05   -6.952710713488932D-07
   -2.261146692696027D-06    2.316460247740405D-05    4.311262037494101D-05
    7.428644794802580D-01    1.457465957204984D-02    4.587816995475817D-04
    5.716659372296314D-02   -3.647258994968468D-02   -2.903498842683601D-06
   -2.138747848276930D-05    7.886839735229793D-05    2.850231107859579D-06
   -5.485342731841055D-05   -1.203557698048523D-05    6.025773106307856D-06
   -1.088377915893898D-04   -2.215576716627629D-05   -7.318682680665939D-01
   -1.438687531081574D-02   -4.489236281099424D-04   -5.631830203394582D-02
    3.584775608392193D-02    6.600201276820788D-06   -2.958050769779111D-05
   -8.871552036228063D-05    1.117480207981462D-06    5.955969618131057D-05
    2.175003065327004D-06   -1.385691334715329D-04   -2.372831684670299D-05
    1.662228303055531D-02    2.716854029354039D-01   -5.702702078381233D-01
    6.965183888887565D-04    4.454468825893195D-03   -5.703759122440841D-02
    4.406985681874781D-03    2.850102914823895D-02   -3.646052276552673D-01
    6.200952691882422D-02   -3.496134091222518D-02   -2.987255869228648D-02
    1.476161823781868D-02    3.168022820051188D-01    3.172565043023905D-02
    2.209007596591440D-01   -7.521383612005352D-01   -1.211513532353726D-03
   -7.746450143758690D-03    9.903325262630991D-02   -1.298068084919586D-03
   -8.466445756483523D-03    1.084922279735206D-01    7.597375750454755D-02
   -4.182616223268170D-02   -3.906769308289313D-02    1.833300893065873D-02
    3.892663827881351D-01    4.142262798214201D-01    1.212537223981605D-01
    4.142243263062856D-01    1.212603507563902D-01    4.183308572480224D-01
    7.772407103648910D-02    4.183257048501319D-01    7.773830896066995D-02
    3.624379049459310D-07   -2.469004372623667D-05    2.987243965629972D-05
    5.609870697554101D-03   -1.132441160686619D-01   -8.767407885613950D-03
    4.620454267989964D-02   -9.322909928884568D-01   -7.236789848944478D-02
    4.433772228258501D-03   -5.486006978178599D-01   -2.139716155316923D-02
    2.784757088007234D-02   -2.172287324325292D-02   -1.421557649417447D-06
   -2.968382014536028D-05   -1.770964897704557D-05    1.426671421015886D-02
   -2.880404505877240D-01   -2.235334952492718D-02   -1.616978914073788D-02
    3.262393373220436D-01    2.529727372668712D-02   -6.691646663217019D-03
    8.066340760535375D-01    3.147563273800919D-02   -4.097852680856356D-02
    3.194827175708011D-02    6.266411410311454D-01    1.481337164211687D-01
   -6.266127441735201D-01   -1.481271310925078D-01    4.767400789280508D-01
   -3.248712372819262D-01   -4.767382509821335D-01    3.248648856292189D-01
    2.053933353420763D-02   -5.487291341976177D-01    1.507185031374375D-01
   -5.438378576285519D-03   -3.469845518042425D-02    4.440163384987527D-01
    8.159266333838903D-03    5.233600963199688D-02   -6.692106385548751D-01
    2.786793827707664D-02   -9.429206332062839D-02    1.552352029140769D-01
   -5.964976763868877D-03    1.360776945340224D-01   -3.049864626678791D-02
   -4.942946424129940D-01    9.200692482657330D-02    2.546845233276514D-03
    1.624922002634754D-02   -2.077497199539785D-01   -3.642467021300790D-03
   -2.338110788010298D-02    2.989929471959283D-01    5.387748935679186D-03
   -1.139370261165926D-01    2.353608021011118D-01   -1.648827673932507D-02
    1.849059379287795D-02    2.296487624936945D-01    1.939647694349718D-03
    2.297053920445352D-01    1.934841739837013D-03    1.357462784349748D-01
   -5.678853200319663D-02    1.357891157867923D-01   -5.682021539681248D-02
    3.002364915553631D-02    5.369190693929566D-01   -1.495255302831626D+00
    1.935605116160033D-03    1.247340501103743D-02   -1.596255692205744D-01
   -1.931038762977043D-03   -1.149804475778373D-02    1.478790934630845D-01
    8.336770553600746D-02   -6.186664899483969D-02   -8.416223198125586D-03
    1.766032831789561D-02    4.253180043986289D-01   -2.841067634694175D-02
   -1.533664762740213D-01    1.085793928028223D+00    3.969414247480396D-04
    2.352255005275156D-03   -3.006309501016161D-02   -2.289404898797073D-03
   -1.512279981248182D-02    1.928142546218607D-01   -7.353572797005047D-02
    7.750092080463697D-02   -4.178482280508664D-02   -1.152625277719989D-02
   -3.732330695437824D-01    5.510364863747562D-01    2.741844615665493D-03
    5.510883131935330D-01    2.765340463822619D-03   -4.335305525007996D-01
    4.017219291426258D-03   -4.335465074340796D-01    3.973839586095295D-03
   -7.960876720047424D-06   -1.014846116061676D-04    3.336772649359017D-04
   -6.000597043651636D-02   -2.901721045411864D-03   -9.379773327094958D-04
   -3.707241395588441D-01   -1.791460491324209D-02   -5.951550154767798D-03
   -7.383479589056194D-02    4.411187425077902D-02    7.503628586922440D-03
    9.371172946857661D-01   -4.067913850263000D-03    6.534986200135418D-06
    4.719472006374390D-05   -2.386398984271772D-04    1.675696532895575D-01
    8.088778862025104D-03    2.692551295957213D-03    2.832687210416449D-01
    1.369307218838122D-02    4.476068792287705D-03   -7.398509224785611D-02
    4.420740915328675D-02    7.527432872983519D-03    9.394786817638137D-01
   -3.907414219389085D-03   -1.403228426587582D-04    9.113639511904777D-06
   -1.559046598535941D-04    9.334045536188444D-06    8.423361125897005D-05
   -5.334565944727586D-06    6.703430689938470D-05    1.073820871323501D-05
   -8.063692272418772D-02   -1.420866527035462D-01    2.598958518707732D+00
    6.467022835287777D-03    4.128030368181858D-02   -5.279921562796547D-01
    2.102828911709003D-02    1.342203199064859D-01   -1.718461152344817D+00
    1.289609148800002D-03   -1.718038797425148D-01    3.662410954198151D-01
   -2.714379412940833D-02   -7.476620454656831D-03    3.602745897761146D-02
   -7.013626010213077D-01   -2.150056221494196D+00    1.247018500506294D-02
    7.958820203244757D-02   -1.018530525690791D+00    1.487986820796073D-02
    9.511743905992782D-02   -1.215757410599038D+00    2.884273318806788D-03
    1.321187426695014D-01   -2.887542139738880D-01    2.220201372760258D-02
    2.576260231932059D-02   -6.578510111892560D-03    1.697775344210451D-01
   -6.751372214617056D-03    1.697744526510868D-01    2.565644329547944D-02
   -2.702087803257341D-02    2.576995838291275D-02   -2.697705078552557D-02
    1.155670976061555D-05    1.573543204768593D-05   -3.462624397545066D-04
   -3.647362857863220D-03    7.362391936182368D-02    5.787133444186570D-03
    3.449389515878145D-02   -6.962419012716097D-01   -5.379292906389387D-02
    9.191334093512872D-03   -1.100309774718218D+00   -4.298206757160284D-02
    5.590245467612995D-02   -4.359413787671308D-02   -5.488766018020306D-06
    9.771707687896236D-05    2.757204125946395D-04    6.684627842530262D-03
   -1.349346943668863D-01   -1.032221472244718D-02   -3.251486788686340D-02
    6.563854524246729D-01    5.104986754686100D-02    7.408649220952758D-03
   -8.797308280108501D-01   -3.427830805799068D-02    4.468283148147539D-02
   -3.486153835178379D-02    6.633622262554300D-01   -2.508023591184566D-02
   -6.633382914071200D-01    2.504401248077489D-02   -4.079066789711990D-01
   -1.346705886096891D-01    4.078877683767138D-01    1.346751980796105D-01
orbocc
(1p3d25.15)                             
    2.000000000000000D+00    2.000000000000000D+00    2.000000000000000D+00
    2.000000000000000D+00    2.000000000000000D+00    2.000000000000000D+00
    1.665751248061270D+00    1.632692524647598D+00    7.015562272911341D-01
    0.000000000000000D+00    0.000000000000000D+00    0.000000000000000D+00
    0.000000000000000D+00    0.000000000000000D+00    0.000000000000000D+00
    0.000000000000000D+00    0.000000000000000D+00    0.000000000000000D+00
    0.000000000000000D+00    0.000000000000000D+00    0.000000000000000D+00
    0.000000000000000D+00    0.000000000000000D+00    0.000000000000000D+00
    0.000000000000000D+00    0.000000000000000D+00    0.000000000000000D+00
    0.000000000000000D+00    0.000000000000000D+00    0.000000000000000D+00
    0.000000000000000D+00    0.000000000000000D+00    0.000000000000000D+00
    0.000000000000000D+00    0.000000000000000D+00    0.000000000000000D+00
