#    6
    1    1    1
    F    F
 2
      1      1
      2      3
    2    2   -1
          0        200
  0.100000000000000E+02
  0.500494022721683E+00  0.463393150546351E+00  0.489887605496923E+00
  0.545531816450754E+00  0.369731103910966E+00  0.596780607609779E+00
  0.446618443650741E+00  0.570828322392900E+00  0.563737126196329E+00
  0.000000000000000E+00  0.000000000000000E+00  0.000000000000000E+00
  0.000000000000000E+00  0.000000000000000E+00  0.000000000000000E+00
  0.000000000000000E+00  0.000000000000000E+00  0.000000000000000E+00
  0.000000000000000E+00  0.000000000000000E+00  0.000000000000000E+00
  0.000000000000000E+00  0.000000000000000E+00  0.000000000000000E+00
  0.000000000000000E+00  0.000000000000000E+00  0.000000000000000E+00
    0
