#    6
    1    1    1
    F    F
 2
      1      1
      2      3
    3    2   -1
          0        200
  0.100000000000000E+02
  0.500840799341854E+00  0.463632602113042E+00  0.490018331738530E+00
  0.536159069433743E+00  0.363708724659628E+00  0.593716471305286E+00
  0.450486678636525E+00  0.573049799411835E+00  0.564726197090227E+00
  0.000000000000000E+00  0.000000000000000E+00  0.000000000000000E+00
  0.000000000000000E+00  0.000000000000000E+00  0.000000000000000E+00
  0.000000000000000E+00  0.000000000000000E+00  0.000000000000000E+00
  0.000000000000000E+00  0.000000000000000E+00  0.000000000000000E+00
  0.000000000000000E+00  0.000000000000000E+00  0.000000000000000E+00
  0.000000000000000E+00  0.000000000000000E+00  0.000000000000000E+00
    1
 -0.214058835957847E+00 -0.646649455507546E-02
