 2mocoef
header
                     3
NO-coefficients from mcscf.x                                                    
 total ao core energy =   38.588704248                                          
MCSCF energy =     -94.155328507                                                
                     1
                    36                    36
 A  
mocoef
(1p3d25.15)                             
    9.959531431025029D-01    2.394583838438204D-02   -1.248135206073282D-02
    1.051860454675484D-05    6.634911372734166D-05   -8.489931783800264D-04
   -1.868243308683023D-05   -1.182089545735918D-04    1.513125345217466D-03
   -1.879962475725651D-06   -4.341346810801496D-05    9.638957591019538D-05
   -7.583678836739481D-06   -1.326952088162747D-05    9.641823244733144D-05
   -6.758930276892442D-04    4.730480992390698D-03    6.236710897239749D-06
    3.974467582429871D-05   -5.084370646803685D-04   -2.761917129185024D-05
   -1.765780695776795D-04    2.258563691485153D-03   -5.679422813578244D-06
    9.818573688252326D-05   -2.011153308269934D-04    1.391297501765233D-05
   -2.125763709471961D-05   -1.556922361377956D-05    1.777588439369963D-03
   -1.553188238679243D-05    1.777623102662733D-03   -2.205388579660520D-04
   -1.248111053028103D-04   -2.205519666614625D-04   -1.248719996298171D-04
   -3.281137557643557D-04   -1.463854316698748D-04   -1.870636238172327D-04
   -5.408464708695412D-06   -3.463534479006005D-05    4.430876370612524D-04
   -1.088986016687774D-05   -6.941137894448555D-05    8.889096943265868D-04
    9.174436951327526D-06    8.623130169905107D-05   -2.006335137480326D-04
    1.687311186446134D-05    5.446882563767964D-05    9.960845316151890D-01
    2.405894153577244D-02   -9.579136000496917D-03   -1.701536539614513D-05
   -1.086063039627271D-04    1.389415785579179D-03   -1.141489001321436D-05
   -7.321199126876382D-05    9.364522687331526D-04   -3.601539683921973D-05
   -9.002022040820644D-05    2.542267245730511D-04   -2.630121042016733D-05
   -1.933786054308518D-04   -4.103234192996002D-06    6.285590544248403D-05
   -4.070252511865956D-06    6.291294555597672D-05   -4.052209020297183D-04
    2.577042994184891D-03   -4.052226582196384D-04    2.577014550299093D-03
   -1.917164556409637D-01    4.032648854020401D-01    4.077529557083937D-01
    1.005935113875548D-03    6.381491839676508D-03   -8.165938214991744D-02
    3.422332185111828D-04    2.157676295607183D-03   -2.761681599515238D-02
   -1.633803606078717D-03   -3.009643434859340D-04    3.413787864169699D-03
   -5.849364239081529D-04   -8.457273278380049D-03   -1.100558194597063D-01
    2.237552237776207D-01    6.682812245294187D-02   -1.835044599717932D-03
   -1.172362602796644D-02    1.499895595035755D-01    1.939835462210752D-04
    1.236454438185392D-03   -1.581972859954821D-02   -5.837598345527939D-04
   -2.798289484698590D-03    6.995446761789728D-03   -6.412681476326350D-04
   -3.244458639344498D-03    9.454654213840377D-02   -1.127359728024734D-02
    9.454768512385932D-02   -1.127397323558186D-02    3.745020425856663D-02
   -1.265585153396252D-03    3.745081356050375D-02   -1.265294760060108D-03
   -7.869516444786882D-02    1.669369140674183D-01    2.643659864040170D-01
   -3.533521757959891D-03   -2.264098677339857D-02    2.896960044197571D-01
   -1.540700766436225D-03   -9.884420787450728D-03    1.264821071342675D-01
   -1.737390807753633D-03    3.059748413769937D-03   -3.623771463572153D-03
   -7.804751566865772D-05   -8.715074340724367D-03    1.616487684190330D-01
   -3.416588509291748D-01   -3.022609926097925D-01   -5.200995469584899D-04
   -3.348166615303909D-03    4.284816624177715D-02   -3.592533245222856D-04
   -2.297832011316010D-03    2.939926236082504D-02    2.101918080085738D-03
   -1.391263729155078D-03   -5.747453713910397D-04    4.682608781329794D-04
    1.073985683551841D-02    1.273935740800218D-01    1.119131366207636D-02
    1.273900801392004D-01    1.119136979571665D-02   -1.342951450076439D-01
   -2.292928992721448D-02   -1.342949712383691D-01   -2.292917889128913D-02
   -3.648383516959296D-07    1.108147574131009D-06    8.898280363676380D-07
   -2.373431228444675D-02    4.789220258751515D-01    3.714814102207662D-02
   -1.557116073570113D-02    3.141955357768613D-01    2.437161107725874D-02
   -1.618582093742030D-04    1.980443242686166D-02    7.728825094733687D-04
   -1.005834179950731D-03    7.848052710142623D-04   -1.985862782484575D-06
    4.614592325407608D-06    6.898896224718789D-06   -8.374600048610922D-03
    1.690129271591277D-01    1.310154691444535D-02   -1.021453935588399D-03
    2.060818939935110D-02    1.596506794921723D-03   -1.053215513630741D-04
    1.250220603725295D-02    4.876739110798542D-04   -6.355544676580070D-04
    4.952869976584632D-04    2.080552829325038D-01    3.654973000997237D-02
   -2.080553628603615D-01   -3.655069144853831D-02    5.689159840599289D-02
    2.272965266094356D-02   -5.688584968929961D-02   -2.272851258895109D-02
    1.061791328322302D-02   -2.598227280734308D-02   -9.119297033793950D-03
   -4.806956501938462D-03   -3.082754777576314D-02    3.943131524592003D-01
   -2.595722772652496D-03   -1.666791077181556D-02    2.131852854478041D-01
   -1.239744446311145D-03    2.690547862073994D-03   -3.675217891621873D-03
    2.631619070865586D-05   -6.177012865117777D-03   -4.033241706934460D-02
    7.670834987670885D-02    2.137160502881822D-01    5.184468331891398D-03
    3.309141256399432D-02   -4.234214780905207D-01    1.182484799020853D-03
    7.557175098517444D-03   -9.669507879460267D-02   -2.141629724797335D-03
    5.620932337604546D-03   -8.437527882365303D-03    1.997765082738912D-04
   -1.059634153540966D-02    1.044840776995494D-01    3.174867619192973D-02
    1.044879449610965D-01    3.174999389965227D-02    1.532299808704768D-01
    6.840449738908176D-02    1.532295548688131D-01    6.840484934285154D-02
    4.178313394958493D-07   -9.359767654239814D-07   -3.502896471894187D-06
   -8.216737999153748D-03    1.655240468504378D-01    1.283813556048666D-02
   -8.394298687346324D-03    1.692135294464768D-01    1.312503742882627D-02
   -2.317339014119371D-04    2.778565250382063D-02    1.084174055132426D-03
   -1.410803774707473D-03    1.100995943735594D-03   -1.945534632528706D-07
    3.413728250936869D-07    2.301185674656410D-06    2.264310538029828D-02
   -4.572894853038673D-01   -3.546294211170359D-02    1.380986594706513D-02
   -2.788581069569538D-01   -2.162360623549629D-02   -3.095142623529496D-04
    3.689412971277968D-02    1.439107722955479D-03   -1.874609873198017D-03
    1.461513283623786D-03    9.823571968841013D-02    4.550509894183031D-02
   -9.823684911241640D-02   -4.550608148893174D-02   -2.417662748537483D-01
   -9.679653059888585D-02    2.417686451818233D-01    9.679859385352595D-02
    5.959877414717414D-06   -1.568971351441412D-05   -1.996503645551519D-05
    5.757567564611450D-01    2.782408791408975D-02    9.199061948825098D-03
    4.519537073070726D-01    2.184216662907314D-02    7.223261507959079D-03
    1.451048425728346D-03   -8.660566652843697D-04   -1.477242571053290D-04
   -1.842325014252346D-02    7.903932387673613D-05   -1.873135960860311D-06
    4.407259205483790D-06   -1.473418317268312D-06    2.011009078446692D-01
    9.699185314924716D-03    3.232182384671964D-03    6.240653655406384D-02
    3.004882468412636D-03    1.001816647959396D-03   -2.695010405835706D-03
    1.611407271786442D-03    2.743465914952524D-04    3.421335859152983D-02
   -1.447467502010838D-04    7.724741521323183D-06    2.745880851870900D-06
   -4.914989140307261D-07   -6.067172180533747D-07   -1.000653012480282D-05
   -5.233925345223686D-06    4.366490943288409D-06    2.812007847028975D-06
   -2.635659082074674D-06    6.447004157655397D-06    1.832846638877208D-05
   -2.649584613701097D-01   -1.279912401477570D-02   -4.235238547178516D-03
   -4.123256466131279D-01   -1.991756095470553D-02   -6.595307644143588D-03
    1.653612157058182D-03   -9.867293983445615D-04   -1.680107290901830D-04
   -2.099423941477648D-02    8.851326042840319D-05   -1.251166176620293D-06
    6.255871130026392D-07    1.298179582455476D-05    5.937987482169399D-01
    2.867240984345397D-02    9.499501149873461D-03    6.063479901716331D-01
    2.927614453851166D-02    9.704075994652695D-03    1.664231411774264D-03
   -9.948598226800758D-04   -1.692575450278777D-04   -2.113084127211409D-02
    8.954136393781778D-05   -3.846004574410204D-06   -3.057376902159617D-06
   -9.794354935253268D-06   -1.056771218211705D-05   -1.583731954752423D-06
    7.834313433330960D-07   -4.504415718528357D-06   -8.197687823850618D-06
   -9.943076752967585D-02    1.469802610412992D-01    1.604191430967283D+00
   -1.604226206261256D-03   -1.037316758801256D-02    1.326091961832388D-01
   -4.299267290882260D-03   -2.784748721310916D-02    3.560286931241194D-01
    3.409822833550553D-04   -1.235887857491340D-03    2.077007702571616D-03
   -8.562901335996205D-05    1.659550728411782D-03   -3.154993280163553D-02
    6.822752282630182D-02    5.670766678507189D-01    1.633434423862224D-03
    1.043601878059290D-02   -1.336475696286620D-01    7.113637530638600D-03
    4.556056056105027D-02   -5.833136343204222D-01    7.885909809196562D-04
   -1.886614563478724D-03    2.712322252042804D-03   -4.221377645081382D-05
    3.915919668586935D-03   -7.171935626285468D-02   -1.001328411160313D+00
   -7.172500900767852D-02   -1.001383966187109D+00   -1.465162040645409D-02
   -5.642346029551872D-01   -1.465579969469931D-02   -5.642930137998218D-01
    5.572345249700845D-06   -8.648594144276671D-06   -8.665510005137198D-05
    1.281305341907903D-02   -2.585277238013008D-01   -2.005835814101542D-02
    3.358645064979986D-02   -6.776193801559005D-01   -5.257259954356739D-02
   -2.847886175660790D-04    3.385020285597380D-02    1.320818524060742D-03
   -1.719495114545517D-03    1.341387064148668D-03   -3.808362777707962D-06
    5.479924183613647D-06    4.769824033426072D-05    1.194954517172203D-02
   -2.412948208979750D-01   -1.870963902806107D-02    3.242430770010059D-02
   -6.548585576719229D-01   -5.077540085851036D-02    2.545519844287677D-04
   -3.015936489036892D-02   -1.176629034908935D-03    1.532273335018278D-03
   -1.195064945038274D-03    9.247299332033229D-02    1.074975562022750D+00
   -9.246510595884705D-02   -1.074872655478978D+00    5.982765283224946D-02
    8.830535216596925D-01   -5.983138065431834D-02   -8.831058168966237D-01
   -6.214759279533834D-02    9.982862444050671D-02    9.033236701645365D-01
   -1.947234960538803D-04   -1.310081577584124D-03    1.666663416329154D-02
    6.876008857227393D-04    4.255792052058324D-03   -5.465221297827552D-02
   -8.378454129514969D-04    1.533935760996635D-03   -1.868762910203080D-03
   -3.048841742031379D-05   -4.201386811415887D-03    1.245778396255934D-01
   -1.847546045686501D-01   -2.043282327455447D+00   -1.443954199202499D-03
   -9.271787117559960D-03    1.184904979577497D-01   -4.489082607879439D-03
   -2.880355923603631D-02    3.680847987468583D-01   -4.374894095144058D-04
   -1.630990504835664D-04    1.089362035817880D-03   -1.693751048380685D-04
   -2.273519296812072D-03   -3.674124734365377D-02   -4.993755097821676D-01
   -3.674716838411173D-02   -4.994414460066202D-01    7.086759322935450D-02
    1.315848546158620D+00    7.086273347485771D-02    1.315754398319041D+00
   -7.673069702470403D-07   -4.335178027630584D-07    2.912099720335990D-05
    1.179723512554750D-02   -2.380983106173030D-01   -1.846355865731935D-02
    5.459833110874131D-02   -1.102021144717044D+00   -8.547724079557602D-02
    1.837480401148789D-04   -2.191714201534944D-02   -8.550154099125536D-04
    1.112901294099973D-03   -8.685988225888846D-04    5.892503728377595D-07
    3.990681539500884D-08   -3.051585843615430D-05   -1.461810695440954D-02
    2.951934366355446D-01    2.289455518163860D-02   -8.141785218032602D-02
    1.643778879451704D+00    1.274668949862982D-01   -1.082560042942378D-05
    1.455729086459664D-03    5.666678666735641D-05   -7.355568951730803D-05
    5.761389600934541D-05   -9.308117199730608D-03    1.084902289324926D+00
    9.306090552592031D-03   -1.084925812406133D+00   -1.858780979465955D-02
   -1.625963153843229D+00    1.858974298707270D-02    1.625993058127902D+00
   -5.271548391947901D-02    3.217717770389056D-02    2.030672717875244D+00
    3.719424042836642D-03    2.382690869256788D-02   -3.048110773394910D-01
    2.201342015056477D-02    1.407299640962487D-01   -1.800547812924094D+00
   -1.265739081802747D-03   -1.852347480797059D-03    6.118721199282663D-03
   -7.136197867245498D-04   -6.684229545020957D-03    6.119199016267838D-02
    3.617680366178666D-02   -2.348875294909911D+00    8.493399683964264D-04
    5.462988172937774D-03   -6.986802492915629D-02    3.138479326430502D-02
    2.003687305850446D-01   -2.563419215579360D+00    1.731835283967845D-03
   -5.284718378289383D-03    8.408746335482971D-03   -2.802797656058367D-04
    8.509649195728277D-03    4.075217363242263D-02    6.824735608041176D-01
    4.075392001286943D-02    6.824643973314940D-01   -5.180311003084036D-02
   -2.777330735570618D-01   -5.180868773240953D-02   -2.776872365709640D-01
   -1.723199685691236D-05    2.234045529330040D-05    1.020958360475870D-04
   -2.154837488295739D-01   -1.041768341831308D-02   -3.406696789651745D-03
   -3.353132532527036D-03   -1.216185322486576D-04   -5.132051319580593D-04
   -6.375257859418063D-03    3.813409732753098D-03    6.340379108823185D-04
    8.092341588568555D-02   -3.483072096883778D-04    8.446189605970217D-06
   -1.524239257518400D-04   -2.446783462130272D-04   -9.937704281181223D-01
   -4.797173518192299D-02   -1.619369551475969D-02    1.129696215965539D+00
    5.456061548993025D-02    1.819815562486727D-02    3.519965105851380D-03
   -2.100866185363917D-03   -3.579920847969685D-04   -4.469769156916058D-02
    1.855339115565974D-04    2.946654034312683D-05    6.281293816971000D-05
    4.140246568673339D-05    4.487130600322339D-05    2.029144930692148D-05
   -2.483242949424907D-06    3.303048499701839D-05    7.973386221651005D-06
   -5.103199344766758D-02    4.727053128663588D-02    3.153911509453757D-01
   -9.958060453691608D-04   -6.788851226733118D-03    8.663793095013950D-02
    1.743029227654223D-02    1.114073949624815D-01   -1.424978590064084D+00
   -3.875560745833092D-03    2.439988219266311D-02   -4.585411388884575D-02
    2.620686030580591D-03   -1.800868518064489D-02    2.655405464775954D-02
   -4.617563089638163D-01   -7.553846949022452D-01    1.121442218801477D-02
    6.939608301970686D-02   -8.892701369161723D-01   -3.754123160476539D-03
   -2.128309996007923D-02    2.757904541199951D-01   -1.840127519075781D-03
    1.226536882420052D-04    2.914966228809766D-03   -5.781459539985800D-04
   -9.484923670307904D-03    1.013793876384095D-01    2.261850645452209D-01
    1.015675117462521D-01    2.260914905887462D-01    6.453277509268750D-02
   -1.742555954497044D-02    6.472711235222874D-02   -1.733672693203117D-02
    1.122748580648442D-05   -1.939829365063070D-05   -4.278454041276353D-05
    3.917706030863759D-03   -7.914678622334860D-02   -6.155688477680389D-03
   -4.269707250654565D-03    8.598000555022414D-02    6.996530312649954D-03
    8.453216774711199D-04   -1.011885512681857D-01   -3.937274250116880D-03
    5.138039553793963D-03   -4.004418209784757D-03   -6.538401479372872D-06
    7.726891183820898D-05    2.170626610240662D-04    2.636316830936153D-02
   -5.319640224793061D-01   -4.104617110908493D-02   -6.653959093098742D-02
    1.343187961683855D+00    1.040620064217134D-01   -1.097140180485187D-03
    1.306849925159574D-01    5.097389311397897D-03   -6.637382286862603D-03
    5.181440604207409D-03   -3.786388112837631D-01    1.288217036984844D-01
    3.785735187450218D-01   -1.289145503491577D-01   -4.442343488015466D-01
   -2.351398277359583D-01    4.441747857913834D-01    2.351256620522209D-01
    2.728291051108398D-03   -2.365858420042461D-01    9.286216397946154D-02
   -2.087628386753092D-03   -1.344894641905330D-02    1.720311908799232D-01
   -1.194765065814444D-03   -7.627464910834681D-03    9.770311915478072D-02
    6.522607922816052D-03   -8.933134263794138D-04   -9.127099683098168D-03
    2.001781180939109D-03    3.360018719769478D-02   -4.814899806947224D-02
   -1.046078471895366D+00    2.022362060072574D+00   -9.503926405285517D-04
   -5.966510632639354D-03    7.658532037514799D-02    4.200329403111785D-03
    2.678447954287979D-02   -3.435452566772600D-01    1.618460522463289D-02
   -8.930549947422664D-03   -8.262362026646344D-03    3.893096728322522D-03
    8.284241927262144D-02   -1.709033359394769D-01   -3.194309478644536D-02
   -1.709220373213074D-01   -3.193650268667720D-02   -5.841592583689755D-01
   -1.877240956108252D-01   -5.841850518687314D-01   -1.877650768891351D-01
    5.516657151648132D-05   -1.837779783634216D-04    4.365861993390925D-04
   -9.601577089364640D-01   -4.641959218898103D-02   -1.493502915002086D-02
    1.278134400907937D+00    6.182813348217198D-02    1.931057644587653D-02
   -2.166884428637863D-03    1.290204621458787D-03    2.425747298982035D-04
    2.730147057829845D-02   -1.979076418807646D-04   -6.202527943282485D-05
    2.402871877777908D-04   -9.810840933522362D-04    2.618456025094233D-01
    1.261477502311586D-02    4.490664393683984D-03   -6.627770292575860D-01
   -3.194395805477025D-02   -1.125858320423711D-02    4.257715765508339D-03
   -2.528042697569403D-03   -4.745768927310644D-04   -5.403597834352931D-02
    2.366992258749179D-04    6.302053767997007D-04   -1.105135409875551D-04
    6.158194262488138D-04   -9.819921137046533D-05   -1.672346882459470D-04
    9.094649764848368D-05   -1.782265846833648D-04    1.200157792216236D-04
   -5.976089490282977D-02    1.991643831345327D-01   -4.299025505471263D-01
    4.334843347370534D-03    3.351609443353507D-02   -4.292839251610619D-01
   -1.346370968702797D-02   -9.408538212314527D-02    1.204253298302247D+00
    1.748473379361711D-02   -3.063986876141471D-03   -2.304115530213734D-02
    5.278198486075139D-03    9.000052234856648D-02    6.254816169869798D-02
   -2.606089951626026D-01    1.044379973453663D+00    3.825975848627327D-03
    2.293165513724763D-02   -2.933610231642444D-01   -8.732653525484498D-03
   -5.165851390374600D-02    6.607625941190568D-01   -9.969738603357334D-04
   -1.855919908363668D-02    4.152617482964630D-02   -3.353959129893582D-03
   -6.701462108030225D-03   -6.682309231700592D-01    9.239349908514795D-02
   -6.682341120799116D-01    9.238487674539365D-02    1.755968943291301D-01
   -1.146938560844439D-01    1.755800210152668D-01   -1.146614210471765D-01
    5.043361631406272D-09    4.404815252274427D-06    1.570067025495829D-05
    1.038527934601241D-02   -2.093387974578425D-01   -1.623009068948545D-02
    9.323624616953144D-03   -1.886523872659469D-01   -1.465497128372505D-02
   -1.498872686178801D-03    1.793135449763264D-01    6.996340465054643D-03
   -9.108496472878678D-03    7.104151438000254D-03   -6.555403363746665D-07
    1.334652094426577D-05   -4.661488032306398D-05    4.780524103702411D-02
   -9.652830368078792D-01   -7.486176428510959D-02   -1.168986765980248D-01
    2.360371551410547D+00    1.830226100701194D-01    1.353548818704168D-03
   -1.606353519127278D-01   -6.266726932219279D-03    8.160412541496676D-03
   -6.363712029644194D-03    2.998802565156013D-01   -4.762450306945504D-01
   -2.998749918906406D-01    4.762594518358159D-01    3.750332228443922D-01
   -1.677968084422395D+00   -3.750527539477816D-01    1.677988493448759D+00
   -3.043712693522267D-02    2.994059873944053D-01    2.202604217645981D-01
   -4.953979496833960D-03   -3.179974729369810D-02    4.065148607241276D-01
    1.086373911143735D-02    6.959295979392988D-02   -8.898104950046100D-01
    7.786088187934526D-03   -1.807338780745473D-02    2.560385180699595D-02
   -3.468692176330468D-04    3.869309188792594D-02   -3.796525727639932D-02
    1.473116965735546D+00   -3.425040375579854D+00    4.422213995646396D-03
    2.832969689029049D-02   -3.622448104541980D-01   -1.093374931868465D-03
   -7.162002470448878D-03    9.108682979793856D-02    8.256587156242204D-03
   -4.347308341205335D-03   -4.652106007938991D-03    2.021747510741034D-03
    4.228010257951600D-02   -3.140145320977068D-01    5.233552426605493D-01
   -3.140278851110102D-01    5.233983798935393D-01   -4.286319110157596D-01
    1.139084846578031D+00   -4.286054502524813D-01    1.139008330717018D+00
    7.421197832621802D-07   -4.359143658262922D-06   -2.933381642930833D-05
    4.987867732500859D-02   -1.006604424771389D+00   -7.809958264534785D-02
   -8.863902324140789D-02    1.788832202825555D+00    1.388026180395359D-01
   -5.851717650303600D-04    7.006687995490933D-02    2.732467706420095D-03
   -3.561496128045454D-03    2.775832881501666D-03    2.292328377483934D-06
   -3.313772443990842D-05    1.113262286249330D-04   -1.810171269576899D-02
    3.654941392183115D-01    2.834156316057640D-02    5.135897636397234D-02
   -1.036856421588213D+00   -8.038179756034296D-02   -2.341071590637181D-05
    2.442230461032293D-03    9.694153255907361D-05   -1.219270863122520D-04
    9.526623860020134D-05    3.306133660738000D-01   -1.193733660245153D+00
   -3.305970373718953D-01    1.193692450600947D+00   -2.926225282348778D-01
    7.519415485424336D-01    2.926437469953775D-01   -7.519927330987382D-01
   -3.824555730143037D-02    2.342905082816516D-01    4.474041027484743D-01
   -9.564914359522919D-03   -6.134906060977800D-02    7.846993646342331D-01
    2.224655976187578D-02    1.425007732464608D-01   -1.822867615188109D+00
    8.732370664175555D-03   -1.808337513717071D-02    2.402493274470423D-02
   -4.299559470458631D-05    4.358283234042500D-02    1.576185817958153D-03
   -4.128117046814049D-01   -4.945504415438289D-01   -5.765544626572808D-03
   -3.685759130256867D-02    4.716236799613148D-01    1.918347473541651D-02
    1.225104847663756D-01   -1.567541697043743D+00   -1.134816940767251D-02
    3.229747253341331D-02   -5.010365552282293D-02    1.463714291713837D-03
   -5.593786452826506D-02   -3.556058084312314D-01    9.374609460214418D-01
   -3.556169663816222D-01    9.374914872764697D-01    3.823419382981893D-01
   -8.156641477949627D-01    3.823446963226111D-01   -8.156702925889785D-01
    2.432174810690592D-03    1.873727929123019D+00   -4.910734406197710D+00
    6.815260540077579D-04    4.296988961101832D-03   -5.468502245688359D-02
   -1.485470098211625D-02   -9.476737311684286D-02    1.210916771873235D+00
   -1.419346525036318D-02    4.671330945636054D-03    1.402149911226667D-02
   -3.900061989161228D-03   -7.284078270490882D-02   -7.247054720638313D-03
   -5.535489413739498D-01    3.374886060805693D+00   -5.666906532068171D-04
   -3.683333562981840D-03    4.719544008623578D-02   -1.829640819400676D-02
   -1.166631218193985D-01    1.493939187236478D+00    7.662460416740666D-03
   -3.080904899568405D-02    5.315213700556772D-02   -2.446855325853836D-03
    3.706208939132988D-02    1.521018323493788D-01    3.963710211286920D-01
    1.520424874287525D-01    3.963167857041938D-01   -9.584057533090415D-02
   -1.882976407466243D-01   -9.577661755128629D-02   -1.882501765091934D-01
   -2.128262782602724D-06   -9.231948306502793D-05    3.119242425426553D-04
   -2.164809620122326D-02    4.364634939921649D-01    3.385340243151094D-02
    1.346476853007873D-01   -2.717644874095382D+00   -2.109203409505477D-01
   -1.826202611052734D-03    2.538438413190502D-01    9.901849942321725D-03
   -1.294975049741144D-02    1.005134085025094D-02    8.498225343328987D-07
    1.160648621809315D-05   -2.394045418460322D-04   -3.230976338351127D-03
    6.459111663082906D-02    4.990608418569438D-03   -1.282247943084325D-01
    2.588959685841802D+00    2.006338183657789D-01   -8.227608037590684D-04
    1.247600312072076D-01    4.863749045853146D-03   -6.239969696013593D-03
    4.926906001446910D-03    6.822821294270265D-01    5.933322194080916D-01
   -6.822909531843265D-01   -5.933320296121348D-01   -6.596965250179252D-01
   -8.402970343523311D-01    6.597014152960895D-01    8.402984385674732D-01
   -1.339415252783420D-06   -4.819474954194353D-05    1.454273244399785D-04
    1.748109970168823D-01    8.498896258366020D-03    2.807731940258347D-03
    5.635480244384400D-03   -9.018406888662636D-05    1.646968922742645D-05
   -4.786040032592154D-02    2.863582193240129D-02    4.869548003972811D-03
    6.077584496916123D-01   -2.548604199519741D-03    1.349562444915278D-06
    1.879909602815446D-05   -1.243883018366456D-04    2.111243744632610D-01
    1.020686206173494D-02    3.378372351061761D-03   -8.525737389125224D-02
   -3.756391324607561D-03   -1.381341010298567D-03    4.808065512101952D-02
   -2.870062300274825D-02   -4.889669050897663D-03   -6.103424969573762D-01
    2.583018449073647D-03    7.348586396818940D-05    7.922315365226947D-05
   -1.107663913726478D-04   -7.923316267484634D-05   -7.960423333683915D-05
   -1.103556250090142D-04    1.049402984765751D-04    1.251217608579230D-04
    4.599383014286751D-07    2.078667081969308D-05   -5.912151093115113D-05
    7.789342591209075D-06   -1.902612036786781D-04   -1.436600279461059D-05
   -5.789724002671470D-05    1.167564866030122D-03    9.772631999674066D-05
    6.643776889141851D-01    1.299720106290529D-02    4.073815994253710D-04
    5.112242358084516D-02   -3.259135222693443D-02   -6.590085983372890D-07
   -1.112384155386148D-05    5.017679155714728D-05   -2.100455567234731D-07
   -3.431771080662893D-05   -1.113294734113958D-06    5.796861362345651D-05
   -1.154848926775172D-03   -8.004624857091870D-05    6.764896605678434D-01
    1.336150998688863D-02    4.202333725274548D-04    5.206017197482504D-02
   -3.316931172156100D-02   -2.703541452085943D-04   -2.675431394933275D-04
    2.838922731505076D-04    2.802796756429019D-04    2.877178877566365D-04
    3.869238143227116D-04   -2.976868142339791D-04   -4.024102455156718D-04
   -1.718734203318347D-06   -2.625179539393006D-05    5.983592830775247D-05
    2.053295142083738D-06   -4.141535664269488D-05   -6.952706192166690D-07
   -2.261146705418171D-06    2.316460275942164D-05    4.311261962427884D-05
    7.428644786167395D-01    1.457465955463926D-02    4.587816990527213D-04
    5.716659365651548D-02   -3.647258990708795D-02   -2.903496770505168D-06
   -2.138747971648892D-05    7.886839585207790D-05    2.850231152946228D-06
   -5.485342744916846D-05   -1.203557669368884D-05    6.025773167056161D-06
   -1.088377921330387D-04   -2.215576714801863D-05   -7.318682689458449D-01
   -1.438687532836923D-02   -4.489236286130745D-04   -5.631830210158871D-02
    3.584775612737758D-02    6.600201387361177D-06   -2.958050772883945D-05
   -8.871551978570664D-05    1.117480355722310D-06    5.955969644344465D-05
    2.175003117405335D-06   -1.385691337706897D-04   -2.372831714133656D-05
    1.662228137850056D-02    2.716854040592097D-01   -5.702702099448618D-01
    6.965183927859826D-04    4.454468852021624D-03   -5.703759155917998D-02
    4.406985672199873D-03    2.850102908846483D-02   -3.646052268898564D-01
    6.200952696288643D-02   -3.496134089704978D-02   -2.987255880067225D-02
    1.476161825488167D-02    3.168022822371210D-01    3.172565155535746D-02
    2.209007595520369D-01   -7.521383600285564D-01   -1.211513542118495D-03
   -7.746450205578588D-03    9.903325341650414D-02   -1.298068089129197D-03
   -8.466445782445636D-03    1.084922283044813D-01    7.597375745385625D-02
   -4.182616215333192D-02   -3.906769316661331D-02    1.833300892667791D-02
    3.892663825308297D-01    4.142262801254210D-01    1.212537224339155D-01
    4.142243266103367D-01    1.212603507921920D-01    4.183308566459902D-01
    7.772407092855069D-02    4.183257042480876D-01    7.773830885270486D-02
    3.624380515731155D-07   -2.469004381486476D-05    2.987243970085733D-05
    5.609870667675007D-03   -1.132441154627524D-01   -8.767407838581662D-03
    4.620454274252356D-02   -9.322909941587421D-01   -7.236789858811311D-02
    4.433772232589150D-03   -5.486006983517393D-01   -2.139716157396927D-02
    2.784757090772395D-02   -2.172287326436251D-02   -1.421557740801311D-06
   -2.968382020304219D-05   -1.770964895306364D-05    1.426671423827137D-02
   -2.880404511374968D-01   -2.235334956764028D-02   -1.616978915674933D-02
    3.262393376580013D-01    2.529727375275943D-02   -6.691646660074141D-03
    8.066340756881073D-01    3.147563272378368D-02   -4.097852678964205D-02
    3.194827174257191D-02    6.266411413563232D-01    1.481337168053389D-01
   -6.266127444985899D-01   -1.481271314766679D-01    4.767400783975527D-01
   -3.248712375936806D-01   -4.767382504516084D-01    3.248648859409812D-01
    2.053933651663630D-02   -5.487291348666832D-01    1.507185042785025D-01
   -5.438378573944920D-03   -3.469845516523214D-02    4.440163383044537D-01
    8.159266336303990D-03    5.233600964728656D-02   -6.692106387480398D-01
    2.786793829585768D-02   -9.429206338186602D-02    1.552352030134901D-01
   -5.964976767645514D-03    1.360776946272151D-01   -3.049864698853714D-02
   -4.942946426115866D-01    9.200692417975903D-02    2.546845249885560D-03
    1.624922013264731D-02   -2.077497213131590D-01   -3.642467016567474D-03
   -2.338110785045670D-02    2.989929468158833D-01    5.387748970411946D-03
   -1.139370260839145D-01    2.353608019724583D-01   -1.648827672263381D-02
    1.849059397331729D-02    2.296487628580518D-01    1.939647601889690D-03
    2.297053924091182D-01    1.934841647439641D-03    1.357462790406978D-01
   -5.678853183923980D-02    1.357891163925957D-01   -5.682021523297335D-02
    3.002364649400752D-02    5.369190695602770D-01   -1.495255303529694D+00
    1.935605112182414D-03    1.247340498773895D-02   -1.596255689231946D-01
   -1.931038773041787D-03   -1.149804481140380D-02    1.478790941492359D-01
    8.336770548953147D-02   -6.186664894687630D-02   -8.416223222240091D-03
    1.766032831375497D-02    4.253180041637494D-01   -2.841067692189183D-02
   -1.533664764168173D-01    1.085793929324150D+00    3.969414231358975D-04
    2.352254991963575D-03   -3.006309483909728D-02   -2.289404903147704D-03
   -1.512279984739213D-02    1.928142550682689D-01   -7.353572802208123D-02
    7.750092079853665D-02   -4.178482270392859D-02   -1.152625279178856D-02
   -3.732330698117548D-01    5.510364862032607D-01    2.741844542452873D-03
    5.510883130221997D-01    2.765340390653887D-03   -4.335305528921509D-01
    4.017219249896546D-03   -4.335465078254377D-01    3.973839544478656D-03
   -7.960876169765692D-06   -1.014846136275589D-04    3.336772707165714D-04
   -6.000597038722340D-02   -2.901721043397674D-03   -9.379773313129974D-04
   -3.707241391261192D-01   -1.791460489241155D-02   -5.951550148726495D-03
   -7.383479586817199D-02    4.411187423765253D-02    7.503628584716336D-03
    9.371172943976557D-01   -4.067913850554455D-03    6.534986427844193D-06
    4.719472068756852D-05   -2.386399028162880D-04    1.675696525700816D-01
    8.088778827924841D-03    2.692551284625428D-03    2.832687204067860D-01
    1.369307215798793D-02    4.476068781212292D-03   -7.398509227345335D-02
    4.420740916799752D-02    7.527432875705363D-03    9.394786820923480D-01
   -3.907414219383668D-03   -1.403228450986827D-04    9.113639444907391D-06
   -1.559046613677707D-04    9.334045669801441D-06    8.423361300586698D-05
   -5.334565734639565D-06    6.703430848600197D-05    1.073820849650597D-05
   -8.063692408202540D-02   -1.420866526205483D-01    2.598958518396611D+00
    6.467022833713232D-03    4.128030367137717D-02   -5.279921561465035D-01
    2.102828912110685D-02    1.342203199316970D-01   -1.718461152661671D+00
    1.289609159386669D-03   -1.718038797098936D-01    3.662410953335259D-01
   -2.714379412096600D-02   -7.476620396931635D-03    3.602745450984181D-02
   -7.013626016687023D-01   -2.150056222238971D+00    1.247018500849808D-02
    7.958820205567270D-02   -1.018530525984972D+00    1.487986821047609D-02
    9.511743907655569D-02   -1.215757410816302D+00    2.884273317376770D-03
    1.321187427230519D-01   -2.887542140852405D-01    2.220201373556195D-02
    2.576260231652223D-02   -6.578510025697822D-03    1.697775346693495D-01
   -6.751372127368531D-03    1.697744528993656D-01    2.565644301844602D-02
   -2.702087808326998D-02    2.576995810523083D-02   -2.697705083645013D-02
    1.155670994151530D-05    1.573543193138735D-05   -3.462624378665337D-04
   -3.647362871239690D-03    7.362391963494767D-02    5.787133464956691D-03
    3.449389517483530D-02   -6.962419015835483D-01   -5.379292908929591D-02
    9.191334090997002D-03   -1.100309774423017D+00   -4.298206755980301D-02
    5.590245466112198D-02   -4.359413786501495D-02   -5.488765386971493D-06
    9.771707646045303D-05    2.757204111665445D-04    6.684627805726091D-03
   -1.349346936557355D-01   -1.032221466800288D-02   -3.251486791839881D-02
    6.563854530350980D-01    5.104986759333213D-02    7.408649224596088D-03
   -8.797308284454308D-01   -3.427830807513726D-02    4.468283150362562D-02
   -3.486153836899487D-02    6.633622259805276D-01   -2.508023593505673D-02
   -6.633382911322665D-01    2.504401250417088D-02   -4.079066789412504D-01
   -1.346705884670972D-01    4.078877683468457D-01    1.346751979369835D-01
orbocc
(1p3d25.15)                             
    2.000000000000000D+00    2.000000000000000D+00    2.000000000000000D+00
    2.000000000000000D+00    2.000000000000000D+00    2.000000000000000D+00
    1.665751248061271D+00    1.632692525350702D+00    7.015562265880279D-01
    0.000000000000000D+00    0.000000000000000D+00    0.000000000000000D+00
    0.000000000000000D+00    0.000000000000000D+00    0.000000000000000D+00
    0.000000000000000D+00    0.000000000000000D+00    0.000000000000000D+00
    0.000000000000000D+00    0.000000000000000D+00    0.000000000000000D+00
    0.000000000000000D+00    0.000000000000000D+00    0.000000000000000D+00
    0.000000000000000D+00    0.000000000000000D+00    0.000000000000000D+00
    0.000000000000000D+00    0.000000000000000D+00    0.000000000000000D+00
    0.000000000000000D+00    0.000000000000000D+00    0.000000000000000D+00
    0.000000000000000D+00    0.000000000000000D+00    0.000000000000000D+00
